0.293
0.205
-0.172
0.081
0.243
0.134
-0.155
0.106
-0.117
0.205
-0.679
-0.726
-0.369
0.094
-0.279
0.027
0.225
0.341
0.264
0.618
0.613
0.543
0.754
0.808
0.829
0.722
0.876
0.471
0.325
0.225
0.149
0.51
0.464
0.483
0.458
0.214
0.543
0.388
0.361
0.499
0.583
0.846
0.614
0.321
0.303
-0.012
0.403
0.545
0.519
0.417
0.195
0.177
-0.142
0.281
0.109
0.265
0.282
0.047
0.661
0.573
0.587
-0.067
-0.082
-0.074
0.176
-0.232
-0.132
-0.366
-0.585
-0.444
-0.128
-0.518
-0.135
-0.111
0.394
-0.305
0.11
0.423
0.691
0.514
0.573
0.756
0.804
0.437
0.809
0.94
1.047
0.996
0.997
1.059
1.096
0.973
0.784
0.83
0.183
0.302
0.493
0.605
0.658
0.57
0.718
0.681
0.807
0.561
0.723
0.913
1.159
1.041
1.069
0.906
0.897
0.77
0.982
-0.127
-0.433
-0.382
-0.462
-0.413
-0.166
0.136
0.28
-0.147
-0.331
0.207
0.124
0.139
0.463
0.61
0.801
0.509
0.974
1.335
1.288
1.212
1.244
1.412
0.927
0.866
1.279
0.791
0.965
-1.078
-1.359
0.264
0.721
-1.365
0.559
0.243
0.627
-2.233
-2.479
-1.518
-1.069
-1.908
-1.713
-2.349
-1.996
-1.771
-1.696
-2.099
-2.815
-1.831
-0.632
-0.035
-0.205
0.153
0.667
0.512
0.853
0.962
1.073
0.968
0.488
1.324
1.244
0.979
1.073
1.344
0.752
1.102
0.701
1.227
1.214
0.065
0.771
0.811
0.938
0.134
0.638
0.467
0.666
0.939
0.787
0.453
0.62
0.159
0.048
0.187
-0.998
-0.021
-0.405
-0.012
0.159
-0.371
-0.635
0.003
-0.357
-0.225
-0.559
-1.007
-2.385
-1.212
-0.292
0.133
-0.173
0.271
0.32
0.283
0.394
0.482
0.736
0.899
-0.269
-1.996
-0.725
0.555
0.18
0.92
0.473
0.003
-0.111
-1.04
-1.97
-1.674
-1.002
-0.713
-0.591
-0.08
-0.038
0.013
0.366
0.442
-0.682
-1.858
-1.895
-1.274
-0.908
-0.393
-0.73
-0.197
0.486
0.72
0.063
0.33
-0.978
-0.165
0.22
0.486
-0.506
0.041
0.195
0.375
0.927
0.387
0.058
1.077
1.196
0.525
0.483
-0.181
0.483
-0.332
0.074
-0.037
-0.267
-0.592
0.028
-0.632
-0.734
-0.962
-0.414
-0.847
-0.73
-0.924
-0.648
-0.936
-0.467
-0.074
0.092
-1.339
-0.4
-0.688
0.239
0.6
0.009
0.304
0.246
0.699
0.772
0.815
0.353
0.682
-0.036
-0.723
-1.529
-2.203
-1.201
-2.278
-0.341
-2.415
-1.627
-0.56
-0.599
-0.196
0.298
0.227
0.476
0.566
0.462
0.335
0.095
0.35
0.637
0.82
1.347
0.131
-2.125
-0.505
0.028
-2.314
-0.328
0.148
0.224
0.168
-0.276
-0.352
0.023
0.419
0.484
0.322
0.282
0.142
0.732
0.912
0.507
0.865
0.953
0.554
0.551
0.405
0.28
0.206
0.33
0.652
-0.61
-0.594
0.137
-0.638
-0.291
1.066
0.999
-0.469
0.195
0.584
0.367
0.881
0.761
0.4
-0.018
0.876
2.104
0.474
0.711
0.823
0.839
0.955
0.726
1.025
0.837
0.254
-0.284
0.295
0.631
0.742
0.727
0.204
0.694
1.088
0.661
0.797
0.836
0.353
0.62
0.533
0.714
-0.372
0.181
0.704
0.731
0.488
0.034
-0.704
-0.211
0.234
0.716
-0.242
0.06
-0.019
-0.382
-1.624
-1.475
-0.504
-0.078
0.402
0.032
-0.638
-0.432
-0.044
-0.152
-1.734
-0.49
0.107
0.037
-1.338
-1.291
-1.371
-1.085
-0.689
-0.935
-1.714
-2.024
-2.258
-1.769
-0.824
-0.414
-0.05
-0.368
-0.398
-1.12
-0.642
-0.065
-0.845
-0.647
-0.461
0.007
0.517
0.111
-0.647
-0.264
0.195
0.605
0.625
0.728
0.605
0.767
0.709
0.292
0.66
0.435
0.285
-1.107
-1.92
-1.298
-1.364
-1.656
-0.977
-0.223
-0.915
-0.679
-0.689
-0.602
-2.182
-1.365
-0.706
-0.151
-0.379
-1.411
-1.382
-1.145
-1.899
-1.881
-1.322
-1.969
-2.331
-1.314
0.152
0.304
-0.013
-0.206
0.298
-0.157
-0.095
0.524
0.511
0.47
0.661
0.433
0.695
0.56
0.481
0.553
-0.025
-1.863
-0.917
-0.548
-0.202
-0.082
-1.33
-0.913
0.238
-0.317
0.486
0.745
-0.475
0.64
0.617
0.906
1.098
0.981
0.902
0.722
0.767
0.397
-0.391
-1.834
-1.025
0.152
0.704
-1.694
-0.888
-0.553
0.077
0.358
0.289
-1.688
-2.255
-0.58
-1.703
-1.101
-1.813
-2.526
-0.914
-0.518
-0.958
-0.13
0.513
0.44
0.022
0.488
0.546
-1.345
-0.412
-0.086
-0.335
-0.735
-1.937
-2.491
-1.924
-1.221
-0.881
-0.361
-0.592
-2.082
-1.435
-0.292
-0.063
0.224
0.467
-0.122
-0.907
-0.911
0.306
0.649
0.291
0.496
-0.039
0.264
0.065
0.094
-0.124
-0.465
-1.565
-1.836
-2.367
-2.167
-1.245
-0.893
-1.744
-2.012
-1.087
-1.754
-2.166
-1.762
-1.987
-1.777
-0.206
-0.82
-0.555
-0.335
-1.003
0.291
0.022
0.467
0.932
0.958
0.264
-0.247
-1.116
-0.407
0.025
0.334
0.147
-0.377
-1.119
-2.125
-0.95
-1.104
-1.08
-0.909
-1.653
-2.408
-2.79
-1.513
-1.033
-0.852
-1.9
-1.366
-2.105
-1.858
-2.014
-1.173
-1.213
-1.6
-1.615
-1.939
-0.806
-0.051
0.41
0.368
0.261
0.242
0.369
0.123
0.233
-0.795
-2.614
-1.557
-0.662
-1.092
-0.889
-0.905
-0.339
-1.045
-1.018
-1.208
-1.92
-2.537
-2.483
-1.974
-0.835
-0.518
0.044
-0.132
0.059
0.219
-0.525
-0.072
-0.137
0.436
0.087
0.522
-0.151
0.376
0.465
-0.134
0.226
0.311
0.44
-0.603
-0.224
0.224
0.341
0.493
0.463
0.123
-0.337
-0.653
-0.523
-0.3
-0.26
0.348
0.432
-0.233
-0.446
-1.934
-0.086
-0.403
0.289
0.175
0.049
-0.768
-0.881
-0.924
-0.253
-0.405
-0.17
0.181
0.349
0.364
0.235
0.334
0.135
0.124
-0.102
0.185
0.159
0.265
0.077
-0.376
0.153
0.347
0.166
0.101
-0.089
0.332
-0.264
-0.048
0.263
0.07
-0.863
-0.411
-0.411
-0.107
-0.094
-0.011
-0.069
-0.03
-0.234
-0.499
-0.66
-0.464
-1.243
-0.223
0.502
0.517
-0.258
-0.712
-1.268
-0.575
-0.282
-0.04
-0.222
0.089
-0.478
-2.007
-1.75
-0.655
0.111
0.006
0.416
0.062
-0.208
-0.258
-0.02
0.103
0.071
-0.625
-1.26
-0.357
-0.481
0.004
-0.08
-0.431
-0.203
-0.265
-1.981
-2.212
-1.557
-0.203
0.003
-0.291
0.346
0.429
0.476
0.152
-0.436
-0.587
-0.334
-0.862
-2.147
-1.441
-1.203
-1.15
-1.606
-2.277
-1.787
-1.975
-2.379
-1.305
-0.44
0.164
0.179
0.361
0.272
0.136
-0.795
-0.753
-0.155
-0.1
-0.548
-1.707
-1.149
-0.124
0.197
0.618
0.518
0.337
0.544
0.792
1.001
0.788
0.45
0.671
0.757
0.809
0.068
0.368
0.432
0.485
0.423
0.318
0.241
0.48
0.422
0.249
0.609
-0.088
0.245
0.207
-0.03
0.383
0.638
0.616
0.052
-0.376
-0.121
-0.723
-1.942
-2.368
-1.248
-1.352
-2.26
-2.585
-1.059
-0.145
-0.307
0.075
0.252
0.179
0.165
-0.919
-0.869
-0.251
-0.185
-0.248
-0.195
-0.766
-0.139
-0.033
-0.776
-1.962
-0.944
0.397
0.154
0.196
0.488
0.787
0.139
-1.309
-0.556
-0.086
-1.292
-0.369
0.12
-0.118
0.356
0.216
0.19
0.343
0.315
0.235
-0.068
0.381
0.006
0.057
-0.191
0.204
0.15
-1.399
-2.304
-2.288
-1.029
-1.448
-0.186
-0.293
0.326
0.103
0.228
-0.077
0.063
-0.008
0.111
-0.912
-0.48
-0.495
-1.225
-2.377
-1.069
-0.373
-0.882
-0.624
-1.88
-2.197
-1.414
-0.345
-0.387
-0.077
-0.408
-0.417
-0.299
-0.087
0.072
0.175
-1.198
-0.531
0.108
0.065
0.263
-0.335
-0.517
-0.621
-0.886
-0.517
-0.398
-0.388
-0.585
-0.12
-0.185
0.384
0.753
0.723
0.813
0.605
0.828
0.543
0.054
-0.04
-0.043
-0.655
0.059
-0.044
0.117
0.5
0.405
-1.371
-1.806
0.002
-1.148
-1.339
-0.571
-1.036
-0.815
-0.3
-0.268
-0.37
-0.801
-1.037
-0.539
-1.691
-2.391
-1.729
-0.346
0.199
0.028
0.203
0.301
0.456
0.35
-0.233
-1.417
-0.176
0.247
0.169
0.006
-0.914
-0.384
-0.352
0.184
0.335
0.121
0.426
0.298
0.344
-0.167
-0.605
-0.376
-0.568
-0.002
-0.005
0.473
0.013
0.454
0.817
1.046
0.732
0.958
1.145
-0.372
0.567
0.533
0.643
0.302
0.043
0.368
0.067
-0.177
-0.452
-0.114
-2.288
-1.686
-0.406
-0.272
0.181
0.294
0.536
-0.783
-2.268
-0.961
-1.592
-1.659
-0.557
0.336
0.564
0.492
0.332
-0.442
0.095
0.454
0.309
0.324
0.611
0.811
0.443
-0.232
0.113
-0.866
0.133
0.402
-0.025
-0.615
0.393
0.556
0.331
-0.571
-0.973
0.6
0.873
-0.147
-0.569
0.288
0.614
0.651
0.541
-0.522
-0.313
-0.151
-0.151
-1.744
-0.294
-0.327
0.352
0.022
-0.552
-1.144
-0.395
0.512
0.55
0.582
0.847
1.311
-0.216
0.359
-0.318
0.295
-0.363
0.96
0.703
-0.505
0.23
0.233
0.117
0.346
-0.31
0.926
1.3
0.014
-0.588
-0.836
-1.006
-0.757
-0.659
-0.115
0.038
0.248
0.196
0.11
-0.519
0.37
0.208
-0.174
0.342
-0.025
0.576
0.073
0.56
-0.44
-0.643
0.093
0.076
0.129
-0.361
-0.574
-0.217
0.235
0.407
0.746
0.577
0.264
0.707
0.735
1.178
0.799
0.776
-0.924
-0.048
-0.62
-0.139
0.341
0.564
-0.181
-0.825
-1.52
-0.78
0.026
-0.174
0.105
0.248
-0.297
-0.405
-0.129
0.143
-0.033
0.446
0.252
1.109
1.082
1.069
1.038
-0.216
-0.379
-0.306
-0.079
-0.342
0.277
0.661
0.968
1.131
1.1
1.185
0.512
0.871
0.854
0.709
0.494
0.55
0.283
0.359
0.496
-0.474
-0.296
0.167
-0.459
-0.484
-0.539
-0.281
-0.876
-0.308
-0.079
0.199
0.063
-0.346
-0.188
0.034
-0.471
-1.285
-1.617
-1.107
-0.746
-0.368
-0.384
-0.427
-0.51
-0.64
-0.458
-0.156
-0.039
0.331
-0.124
-0.035
-0.162
-0.428
-0.236
-0.62
0.334
0.465
0.423
0.544
0.505
0.144
0.476
0.372
0.589
0.754
0.476
0.456
0.497
0.231
-0.335
-0.43
-0.04
-0.445
-0.185
-0.098
-1.443
-1.532
-1.93
-2.034
-1.923
-2.228
-1.782
-0.649
0.084
0.193
0.357
0.239
0.255
0.54
0.639
0.444
0.242
0.191
-0.01
0.301
-0.268
-0.183
0.298
0.202
0.06
-0.685
-0.298
-0.078
0.426
0.384
0.478
0.523
0.403
0.348
0.505
0.425
0.045
-0.259
0.061
-0.499
-0.235
-0.608
-0.281
-0.764
-0.474
-0.617
-0.871
-0.607
-1.394
-1.846
-1.515
-1.893
-1.655
-1.571
-2.419
-2.44
-2.396
-2.74
-1.881
-0.945
-0.099
-1.601
-0.705
-1.619
-1.83
-0.916
-2.084
-1.526
-0.893
-0.097
-0.406
-0.959
-0.71
-1.435
-1.374
-1.229
-0.798
-0.902
-0.501
-0.207
-0.295
-0.408
-0.009
0.249
0.378
-0.012
-0.092
-0.259
-0.37
-0.105
-0.222
-1.743
-1.964
-1.134
-0.54
-0.609
-0.534
0.113
0.1
0.036
0.308
0.201
-0.842
-1.71
-0.57
-0.093
-1.034
-1.1
-1.393
-2.021
-2.067
-1.392
-1.37
-1.207
-1.009
-0.711
-0.429
0.006
-0.6
-0.772
-1.317
-0.963
-1.174
-0.27
-0.335
-0.661
-0.162
-1.334
-0.502
0.156
-0.944
-1.098
-0.836
-0.417
-0.768
-1.608
-1.056
-0.709
-0.791
-0.924
-0.59
-1.669
-2.152
-2.536
-1.031
-0.403
-0.012
0.455
-0.09
-1.332
-2.298
-2.422
-2.808
-1.745
-1.601
-1.435
-1.478
-1.177
-1.82
-1.287
-1.787
-1.599
-0.559
-0.065
-0.214
-0.564
-0.104
-0.905
-0.576
-0.298
-0.763
-1.252
-1.535
-2.467
-2.367
-2.379
-2.22
-1.831
-1.191
-0.969
-0.737
-1.014
-0.739
-0.37
-0.089
-1.271
-1.396
-1.712
-2.129
-1.149
-1.303
-1.932
-1.608
-2.059
-2.222
-2.195
-1.701
-1.412
-1.673
-2.202
-1.915
-1.222
-0.866
-0.834
-0.969
-1.879
-0.671
-0.428
-0.262
0.013
-0.36
0.132
0.528
-0.282
0.319
0.547
0.492
1.007
1.244
1.132
0.698
0.71
-0.615
0.053
-0.603
0.199
-0.457
-0.165
0.144
0.732
0.466
-0.093
-0.231
-0.971
-0.438
0.291
-0.216
0.109
-0.342
0.054
0.527
0.546
0.4
0.566
0.341
0.578
0.226
0.618
0.692
0.369
-1.086
-1.472
-1.952
-0.901
-1.018
-0.818
0.104
0.175
0.129
0.386
0.218
0.914
0.786
0.252
0.858
0.378
0.418
0.603
0.788
0.541
0.141
0.438
-0.606
-0.213
0.242
0.348
0.154
0.021
-0.071
-0.036
-0.007
0.301
-0.018
0.655
0.708
-0.593
0.083
-1.394
-0.667
0.014
0.333
0.477
0.738
0.485
-0.18
0.089
0.802
0.831
0.374
-0.543
-1.083
-2.026
-2.27
-0.752
0.374
0.547
-1.112
-2.257
-1.964
-1.057
-0.931
-0.63
-0.569
-0.507
-0.374
0.028
0.039
0.032
0.172
0.257
0.608
0.085
0.445
0.83
0.739
0.802
1.008
1.094
0.986
-0.115
-0.122
0.098
-1.445
-1.949
-2.715
-2.912
-1.289
-0.219
0.493
0.4
0.652
0.893
0.762
0.665
0.727
0.798
0.838
0.312
-0.089
-1.019
-1.444
-1.871
-1.801
-1.199
-1.004
-0.9
-1.785
-1.131
-0.359
0.227
0.867
0.666
0.198
0.269
-0.128
-0.227
-0.113
0.419
0.436
0.437
0.06
-0.648
0.516
0.739
1.093
1.393
1.481
1.337
1.396
1.249
1.53
1.42
1.472
1.412
1.665
1.446
1.506
1.588
1.988
2.102
1.925
2.086
2.086
1.52
1.826
1.55
1.243
1.487
1.368
1.571
1.575
2.019
2.119
2.404
2.258
1.314
0.095
-1.856
-2.387
-1.908
-2.308
-0.036
0.875
0.683
0.42
0.742
0.778
0.889
0.894
0.626
0.351
0.279
0.295
0.563
-0.142
-0.409
0.415
0.809
0.961
0.605
0.771
0.787
1.203
1.227
1.521
1.411
0.706
1.115
1.706
1.455
1.168
0.933
0.889
1.213
1.08
1.19
1.483
1.25
1.396
1.487
1.603
0.877
0.805
1.281
-1.42
-1.426
-1.134
-0.281
-0.71
0.226
0.647
0.195
1.153
1.135
1.536
1.77
1.817
1.351
0.808
0.792
-0.533
-1.52
-2.426
-2.09
-0.16
-1.993
-2.15
-0.882
-0.695
-1.735
-2.592
-1.971
-1.223
-0.703
-0.082
-0.051
-0.283
-0.604
-0.753
-0.135
0.514
0.754
1.064
0.943
1.039
0.923
0.988
0.374
0.644
-0.301
0.269
0.5
0.189
0.651
0.872
1.034
0.456
1.129
0.784
0.9
0.241
0.375
0.099
0.138
0.1
-1.344
-0.805
-1.8
-2.224
-1.081
-0.725
-0.584
-2.292
-0.78
-1.172
-2.286
-0.589
-0.216
-0.406
-0.337
-1.073
-0.869
0.094
-0.897
-1.35
-2.048
-1.437
-1.636
-0.489
-2.448
-0.922
-1.747
-1.517
0.152
1.319
1.511
1.632
1.295
0.951
-0.347
-1.122
-0.525
0.573
0.988
0.984
-1.201
-0.417
0.653
0.946
1.273
1.149
1.227
1.417
1.158
1.454
1.159
1.086
1.136
0.978
-0.597
-0.038
0.797
1.377
0.697
-0.471
-2.509
-1.162
-0.327
-0.53
0.656
0.753
0.399
0.102
-0.062
-0.035
-0.29
0.431
0.909
0.757
0.455
0.795
1.074
0.898
0.528
-0.72
-0.412
-1.397
-2.106
-2.364
-0.812
-1.967
-0.38
0.493
0.96
0.873
0.581
0.566
0.06
0.524
0.893
0.357
-1.236
-0.472
0.287
-0.286
-2.302
-0.651
-1.243
-0.268
0.611
1.358
1.064
0.715
-0.994
-0.413
0.606
0.104
-2.032
-0.21
-0.241
-0.864
0.675
0.659
-1.669
-1.368
-2.589
-2.05
-0.441
-0.797
-0.759
-0.42
-0.399
-0.203
-0.24
-0.023
-0.558
0.24
0.16
0.501
0.504
0.242
-0.427
0.003
-0.471
-1.449
-0.291
-0.51
-0.614
-0.08
-0.778
-0.584
0.024
0.92
1.028
1.059
0.805
0.906
0.343
-0.065
-0.055
-0.382
-0.425
0.088
0.322
0.207
-0.452
-0.285
-1.73
-2.65
-2.503
-2.537
-2.381
