0.439
0.263
-0.094
0.253
0.307
0.195
-0.095
0.072
0.011
0.207
-0.574
-0.856
-0.453
0.265
-0.286
0.243
0.41
0.443
0.277
0.495
0.462
0.352
0.486
0.656
0.657
0.597
0.84
0.43
0.397
0.376
0.162
0.373
0.45
0.492
0.542
0.34
0.518
0.347
0.379
0.484
0.417
0.703
0.559
0.345
0.343
-0.063
0.316
0.357
0.412
0.367
0.12
0.109
-0.125
0.321
0.031
0.314
0.238
0.119
0.506
0.697
0.55
-0.004
-0.035
0.019
0.279
-0.242
-0.107
-0.282
-0.463
-0.506
-0.117
-0.261
-0.028
-0.129
0.475
-0.167
0.146
0.439
0.566
0.436
0.544
0.707
0.591
0.23
0.676
0.856
0.986
0.831
0.807
0.93
0.947
0.684
0.698
0.768
0.021
0.328
0.448
0.477
0.459
0.473
0.672
0.614
0.742
0.525
0.7
0.721
1.014
0.918
0.947
0.862
0.762
0.78
1.039
-0.248
-0.492
-0.406
-0.356
-0.391
-0.18
0.264
0.228
-0.074
-0.309
0.24
0.216
0.187
0.383
0.513
0.714
0.477
0.877
1.037
0.966
0.967
0.925
1.185
0.807
0.729
1.152
0.657
0.896
-0.931
-1.188
0.366
0.677
-1.216
0.577
0.337
0.676
-2.63
-2.618
-1.467
-1.091
-1.881
-1.69
-2.62
-2.164
-1.683
-1.736
-2.435
-2.877
-1.842
-0.827
-0.09
-0.096
0.282
0.461
0.465
0.733
0.655
0.941
0.617
0.517
1.007
1.081
0.932
0.826
1.165
0.489
0.886
0.66
0.896
1.058
-0.126
0.645
0.699
0.813
0.057
0.665
0.522
0.592
0.78
0.699
0.454
0.522
0.32
-0.034
0.37
-0.814
0.133
-0.332
0.243
0.272
-0.492
-0.506
-0.141
-0.432
-0.154
-0.524
-0.901
-2.335
-1.202
-0.309
0.178
-0.217
0.171
0.294
0.248
0.385
0.311
0.532
0.755
-0.216
-2.651
-0.604
0.582
0.223
0.709
0.282
-0.059
-0.144
-1.134
-2.172
-1.503
-0.703
-0.854
-0.822
0.003
0.155
0.014
0.246
0.336
-0.741
-2.161
-2.159
-1.009
-0.902
-0.519
-0.687
-0.355
0.317
0.533
-0.062
0.169
-1.05
-0.13
0.002
0.466
-0.386
0.256
0.249
0.454
0.58
0.091
-0.34
0.867
1.043
0.489
0.389
-0.042
0.335
-0.033
0.062
-0.135
-0.27
-0.583
0.011
-0.52
-0.761
-0.92
-0.436
-0.893
-0.773
-0.928
-0.712
-0.95
-0.737
-0.342
0.088
-1.159
-0.591
-0.606
0.044
0.42
0.146
0.32
0.34
0.596
0.783
0.864
0.36
0.637
0.175
-0.684
-1.624
-2.332
-1.103
-2.647
-0.675
-2.921
-1.691
-0.604
-0.663
-0.332
0.343
0.374
0.355
0.481
0.462
0.378
0.149
0.264
0.545
0.633
0.929
0.411
-2.397
-0.702
-0.02
-2.588
-0.461
-0.1
0.053
-0.182
-0.279
-0.411
0.064
0.262
0.481
0.161
0.224
0.237
0.483
0.877
0.399
0.645
0.832
0.335
0.572
0.366
0.241
-0.226
0.125
0.585
-0.915
-0.488
0.047
-0.472
-0.201
0.807
0.859
-0.52
0.142
0.479
0.205
0.724
0.714
0.372
0.046
0.639
1.538
0.189
0.416
0.862
0.8
0.886
0.747
1.05
0.798
0.151
-0.303
0.378
0.613
0.787
0.818
0.319
0.745
0.92
0.822
0.829
0.848
0.396
0.608
0.495
0.651
-0.325
0.385
0.697
0.66
0.465
0.1
-0.683
-0.329
0.253
0.462
-0.25
0.043
-0.123
-0.19
-1.914
-1.554
-0.771
-0.099
0.246
-0.087
-0.653
-0.378
-0.147
-0.323
-2.032
-0.685
0.094
0.046
-1.484
-1.22
-1.562
-1.044
-0.872
-0.873
-1.544
-2.036
-2.385
-1.945
-0.83
-0.287
-0.25
-0.437
-0.325
-0.903
-0.561
0.014
-0.753
-0.613
-0.16
0.12
0.536
0.407
-0.606
-0.029
0.448
0.61
0.808
1.039
0.733
1.061
1.035
0.415
0.601
0.37
0.3
-1.427
-2.274
-1.19
-1.18
-1.649
-0.728
-0.352
-0.811
-0.616
-0.678
-0.633
-2.36
-1.513
-0.815
-0.311
-0.343
-1.521
-1.278
-1.16
-2.137
-2.191
-1.622
-2.265
-2.632
-1.363
0.028
0.317
0.114
-0.262
0.383
-0.229
0.157
0.436
0.415
0.332
0.674
0.298
0.486
0.525
0.434
0.644
0.327
-2.053
-0.756
-0.417
0.102
0.122
-1.121
-0.638
0.334
-0.051
0.557
0.715
-0.375
0.558
0.62
0.872
0.868
1.233
0.962
0.868
0.852
0.317
-0.463
-2.048
-1.05
0.245
0.669
-2.265
-0.867
-0.669
0.084
0.413
0.446
-2.108
-2.483
-0.714
-1.864
-1.085
-2.022
-2.823
-0.89
-0.644
-1.002
-0.548
0.354
0.328
-0.126
0.27
0.461
-1.755
-0.609
-0.201
-0.464
-0.679
-2.315
-2.73
-2.072
-1.051
-0.974
-0.273
-0.505
-2.43
-1.672
-0.29
-0.112
0.048
0.255
-0.329
-1.09
-0.845
0.214
0.332
0.114
0.31
-0.539
0.127
-0.099
0.01
-0.099
-0.639
-1.862
-2.083
-2.618
-2.628
-1.442
-0.748
-1.697
-2.152
-1.461
-2.044
-2.373
-2.068
-2.312
-1.752
-0.095
-1.118
-0.208
-0.03
-0.881
0.278
-0.013
0.383
0.875
0.905
0.493
0.163
-1.286
-0.393
0.126
0.361
0.269
-0.587
-0.945
-2.019
-0.744
-0.933
-0.897
-1.054
-1.707
-2.492
-2.774
-1.559
-0.945
-0.852
-1.929
-1.228
-2.079
-1.763
-2.082
-1.076
-1.141
-1.302
-1.38
-1.748
-0.587
0.183
0.47
0.581
0.326
0.434
0.413
0.334
0.477
-0.657
-2.798
-1.388
-0.577
-0.926
-0.902
-0.911
-0.532
-1.001
-1.099
-1.166
-1.862
-2.847
-2.695
-2.118
-1.024
-0.514
0.043
-0.29
0.19
0.278
-0.501
0.013
-0.091
0.451
0.137
0.561
-0.011
0.507
0.633
-0.013
0.424
0.435
0.561
-0.498
0.038
0.34
0.528
0.534
0.575
0.307
-0.235
-0.422
-0.497
-0.475
-0.279
0.306
0.583
-0.28
-0.678
-2.157
-0.275
-0.44
0.165
0.297
0.1
-0.681
-0.81
-0.708
-0.216
-0.317
0.123
0.35
0.386
0.453
0.465
0.49
0.424
0.396
0.014
0.376
0.424
0.44
0.322
-0.137
0.394
0.448
0.413
0.276
0.163
0.46
-0.012
0.261
0.457
0.338
-0.963
-0.2
-0.316
0.069
-0.02
-0.074
0.184
0.137
-0.102
-0.435
-0.572
-0.293
-1.179
-0.204
0.387
0.389
-0.395
-0.597
-1.057
-0.492
-0.079
0.282
-0.047
0.304
-0.441
-2.602
-1.789
-0.821
0.101
0.201
0.502
0.202
-0.004
-0.094
0.219
0.33
0.278
-0.519
-1.279
-0.298
-0.347
0.247
0.09
-0.256
-0.09
-0.18
-2.297
-2.423
-1.631
-0.359
-0.01
-0.238
0.45
0.465
0.59
0.294
-0.428
-0.47
-0.297
-0.874
-2.411
-1.319
-1.283
-1.103
-1.79
-2.504
-2.095
-2.387
-2.501
-1.38
-0.46
0.062
0.315
0.298
0.35
0.207
-0.75
-0.793
-0.133
-0.057
-0.462
-1.702
-1.131
-0.24
0.361
0.478
0.537
0.437
0.639
0.772
1.062
0.801
0.531
0.763
0.773
0.861
0.087
0.46
0.643
0.675
0.576
0.595
0.446
0.544
0.485
0.286
0.521
-0.052
0.349
0.372
0.055
0.489
0.629
0.569
0.072
-0.185
-0.023
-0.701
-2.225
-2.512
-1.501
-1.401
-2.348
-2.652
-0.785
-0.039
-0.082
0.343
0.494
0.46
0.287
-0.921
-0.912
-0.023
-0.066
-0.197
0.013
-0.511
0.015
0.034
-0.84
-2.219
-1.04
0.319
0.237
0.344
0.358
0.668
0.491
-1.334
-0.608
-0.071
-1.517
-0.213
0.41
0.016
0.44
0.307
0.376
0.564
0.354
0.349
0.0
0.422
0.201
0.325
-0.221
0.283
0.395
-1.522
-2.66
-2.497
-1.01
-1.3
-0.249
-0.262
0.221
0.246
0.343
0.03
0.302
0.289
0.264
-0.959
-0.336
-0.343
-1.371
-2.475
-0.983
-0.221
-0.816
-0.489
-1.815
-2.465
-1.411
-0.502
-0.362
-0.133
-0.422
-0.452
-0.176
0.06
0.051
-0.106
-1.172
-0.419
0.162
0.05
0.333
-0.138
-0.365
-0.554
-0.767
-0.623
-0.3
-0.416
-0.617
-0.109
-0.024
0.393
0.784
0.756
0.893
0.765
0.856
0.57
0.269
0.237
0.21
-0.413
0.4
0.302
0.443
0.551
0.765
-1.581
-1.742
-0.042
-1.106
-1.365
-0.552
-0.816
-0.686
-0.094
-0.101
-0.221
-0.468
-0.759
-0.337
-1.679
-2.58
-1.788
-0.194
0.383
0.437
0.473
0.466
0.567
0.585
-0.124
-1.351
-0.085
0.537
0.451
0.367
-0.768
-0.204
-0.199
0.242
0.56
0.225
0.557
0.387
0.228
-0.194
-0.443
-0.491
-0.592
-0.308
0.026
0.398
0.192
0.592
0.874
1.134
0.871
1.113
1.011
-0.42
0.619
0.543
0.667
0.257
0.181
0.32
0.255
-0.221
-0.188
0.042
-2.526
-1.848
-0.501
-0.349
0.343
0.464
0.406
-1.109
-2.477
-0.811
-1.456
-1.606
-0.504
0.136
0.478
0.274
0.112
-0.657
-0.139
0.337
0.224
0.136
0.426
0.605
0.251
-0.323
0.013
-1.124
0.057
0.26
-0.289
-0.569
0.232
0.375
0.204
-0.658
-0.968
0.417
0.545
-0.612
-0.714
0.213
0.42
0.608
0.336
-0.77
-0.301
-0.007
-0.324
-1.883
-0.316
-0.461
0.327
0.056
-0.663
-1.026
-0.495
0.395
0.366
0.339
0.757
0.983
-0.496
0.4
-0.428
0.163
-0.486
0.555
0.432
-0.588
0.372
0.313
0.09
0.388
-0.249
0.688
1.071
0.006
-0.5
-0.885
-0.895
-0.744
-0.719
0.123
0.095
0.322
0.379
0.025
-0.326
0.418
0.406
-0.038
0.408
-0.032
0.496
0.125
0.625
-0.289
-0.471
0.335
0.246
0.251
-0.274
-0.561
-0.092
0.251
0.284
0.65
0.626
0.352
0.721
0.716
0.993
0.465
0.655
-1.012
0.059
-0.759
-0.007
0.243
0.443
-0.126
-0.792
-1.366
-0.739
0.053
0.009
0.196
0.181
-0.067
-0.133
0.063
0.178
-0.463
0.362
0.182
1.063
0.966
1.025
1.013
-0.097
-0.265
-0.142
-0.13
-0.16
0.517
0.533
0.926
1.096
1.063
0.967
0.393
0.807
0.762
0.668
0.285
0.35
0.117
0.144
0.419
-0.725
-0.158
0.284
-0.527
-0.432
-0.553
-0.309
-0.878
-0.395
-0.114
0.157
0.041
-0.174
-0.269
0.138
-0.336
-1.375
-1.774
-1.104
-0.856
-0.548
-0.422
-0.639
-0.554
-0.646
-0.501
-0.059
0.056
0.144
-0.08
-0.03
-0.064
-0.391
-0.295
-0.713
0.34
0.441
0.325
0.508
0.454
0.176
0.407
0.373
0.544
0.868
0.446
0.474
0.48
0.245
-0.295
-0.282
0.136
-0.377
-0.244
-0.117
-1.433
-1.204
-2.124
-2.173
-2.046
-2.485
-2.051
-0.712
0.08
0.199
0.417
0.341
0.328
0.547
0.629
0.336
0.244
0.135
0.168
0.267
-0.25
-0.156
0.374
0.334
0.183
-0.681
-0.077
0.04
0.497
0.485
0.552
0.775
0.45
0.408
0.572
0.459
0.216
-0.039
0.273
-0.427
0.139
-0.259
-0.085
-0.68
-0.194
-0.418
-0.712
-0.419
-0.934
-1.935
-1.193
-1.902
-1.504
-1.383
-2.673
-2.577
-2.527
-2.785
-1.815
-0.681
0.067
-1.575
-0.528
-1.671
-1.721
-0.61
-2.183
-1.157
-0.695
0.138
-0.162
-0.706
-0.518
-1.213
-1.253
-0.91
-0.626
-0.879
-0.334
0.059
0.022
-0.067
0.266
0.522
0.449
0.107
0.079
0.07
0.022
0.185
0.11
-1.807
-1.808
-0.761
-0.272
-0.483
-0.334
0.363
0.334
0.392
0.53
0.455
-0.632
-1.368
-0.221
0.11
-0.693
-0.693
-1.098
-1.837
-1.97
-0.986
-1.138
-1.115
-0.773
-0.54
-0.201
0.335
-0.273
-0.579
-1.024
-0.674
-0.839
0.08
-0.048
-0.669
0.226
-1.058
-0.245
0.508
-0.829
-0.628
-0.612
-0.255
-0.655
-1.767
-0.779
-0.616
-0.734
-0.779
-0.466
-1.366
-2.05
-2.663
-0.536
-0.017
0.458
0.832
0.157
-1.238
-2.225
-2.236
-2.706
-1.546
-1.455
-1.189
-1.406
-0.91
-1.805
-0.916
-1.953
-1.613
-0.251
0.233
-0.091
-0.243
0.39
-0.569
-0.094
-0.106
-0.469
-0.839
-0.938
-2.549
-2.181
-2.408
-2.439
-1.999
-0.735
-0.876
-0.555
-0.921
-0.761
-0.095
-0.34
-1.143
-1.409
-1.745
-2.175
-1.0
-1.565
-2.103
-1.71
-2.284
-2.296
-2.174
-1.735
-1.484
-1.953
-2.258
-2.199
-1.224
-0.771
-0.54
-0.901
-1.764
-0.397
-0.207
-0.201
-0.188
-0.128
0.18
0.669
-0.122
0.481
0.919
0.808
1.001
1.185
1.255
0.943
1.042
-0.029
0.567
-0.229
0.512
-0.058
0.206
0.456
0.964
0.772
0.366
0.183
-0.702
-0.208
0.506
-0.022
0.331
-0.124
0.363
0.719
0.77
0.816
0.854
0.836
0.865
0.578
0.871
0.84
0.741
-0.428
-1.211
-1.732
-0.437
-0.813
-0.215
0.271
0.533
0.466
0.651
0.3
1.13
1.04
0.713
1.112
0.791
0.835
0.873
1.237
0.969
0.636
0.89
-0.577
0.311
0.675
0.928
0.653
0.626
0.5
0.558
0.578
0.657
0.673
1.065
1.192
-0.004
0.729
-1.207
-0.212
0.416
1.004
0.631
1.133
1.088
0.274
0.758
1.2
1.319
0.909
0.071
-0.689
-1.981
-2.262
-0.2
0.746
0.652
-0.892
-2.209
-1.809
-0.59
-0.676
-0.905
-0.491
-0.858
-0.217
0.289
0.043
0.325
0.617
0.576
0.686
0.432
0.725
0.811
0.891
0.885
1.15
1.176
1.113
-0.232
-0.042
0.042
-1.451
-2.026
-2.766
-2.748
-0.833
0.146
0.582
0.67
0.66
0.674
0.716
0.775
0.558
0.781
0.72
0.035
-0.271
-1.53
-2.047
-2.164
-1.958
-1.332
-0.959
-0.897
-1.966
-0.957
-0.293
-0.196
0.592
0.137
0.025
-0.09
-0.155
-0.242
0.06
0.126
0.295
0.352
0.038
-0.661
0.455
0.821
1.031
1.067
1.187
1.244
1.272
1.28
1.411
1.326
1.319
1.339
1.478
1.343
1.356
1.396
1.431
1.27
1.506
1.455
1.593
1.25
1.543
1.429
1.222
1.359
1.358
1.451
1.47
1.422
1.246
1.549
1.124
0.781
-0.105
-2.109
-2.433
-2.274
-2.634
0.128
0.516
0.338
0.063
0.261
0.393
0.459
0.624
-0.277
-0.04
-0.445
-0.13
0.166
-0.561
-0.782
-0.177
0.795
0.913
0.086
0.537
0.473
0.883
0.955
1.124
1.163
0.527
1.021
1.304
1.293
1.093
0.776
0.807
1.01
1.02
0.934
1.005
1.068
1.15
1.115
1.085
0.328
0.783
0.974
-1.741
-1.554
-1.438
-0.326
-1.109
0.041
0.187
0.05
0.766
0.671
0.978
1.221
1.214
0.928
0.743
0.526
-1.03
-1.915
-2.392
-2.053
-0.042
-2.111
-2.122
-0.692
-0.577
-1.785
-2.616
-1.958
-0.997
-0.843
-0.281
-0.146
-0.511
-0.908
-0.962
-0.082
0.326
0.604
0.821
0.769
0.843
0.794
0.831
0.176
0.434
-0.421
0.242
0.339
0.231
0.452
0.761
0.715
0.288
0.819
0.685
0.659
0.174
0.203
-0.016
0.256
0.249
-1.337
-0.914
-1.996
-2.282
-1.056
-0.988
-0.877
-2.284
-0.656
-1.146
-2.31
-0.38
-0.202
-0.449
-0.589
-1.044
-0.919
-0.184
-1.156
-1.65
-2.24
-1.763
-1.918
-0.732
-2.496
-0.815
-2.123
-1.894
-0.268
0.637
0.878
0.952
0.954
0.75
-0.494
-1.457
-0.713
0.143
0.588
0.576
-1.58
-0.428
0.338
0.379
0.918
0.88
1.005
1.07
0.787
0.981
0.803
0.773
0.701
0.67
-0.675
-0.508
0.225
0.756
0.002
-0.699
-2.725
-0.858
-0.123
-0.973
0.512
0.603
0.315
-0.394
-0.511
-0.555
-1.152
-0.112
0.644
0.549
0.531
0.808
0.592
0.915
0.305
-0.772
-0.186
-1.419
-2.19
-2.3
-0.586
-2.143
-0.277
0.347
0.856
0.609
0.41
0.543
-0.558
0.444
0.483
0.185
-1.555
-0.396
0.217
-0.007
-2.669
-0.606
-1.786
-0.454
0.383
1.03
0.944
0.569
-1.824
-0.38
0.415
-0.083
-2.315
-0.053
-0.505
-1.429
0.038
-0.015
-2.145
-1.887
-2.527
-2.288
-0.98
-1.06
-0.545
-0.619
-0.867
-0.944
-0.806
-0.399
-0.741
0.062
-0.156
0.329
0.332
0.04
-0.436
0.052
-0.775
-1.61
-0.291
-0.708
-0.684
-0.398
-0.867
-0.68
-0.084
0.643
0.824
0.832
0.843
0.705
-0.068
-0.192
-0.08
-0.527
-0.409
0.074
0.149
-0.096
-0.416
-0.234
-1.894
-2.642
-2.588
-2.685
-2.734
