0.2912320000000002
0.19008382352941178
0.16726303854875274
0.1686286266924562
0.33062569832402194
0.3091789709172261
0.03136942675159293
0.2143134328358206
0.18733333333333305
0.29553271028037414
-0.8840431472081223
-0.8271117824773404
-0.3332167968749997
0.24237110481586427
0.04155844155844146
0.24782352941176428
0.352376876876877
0.36410940919037216
0.3923957703927494
0.6483892215568864
0.5778027210884356
0.5596565217391308
0.6692339449541281
0.74759706959707
1.2447336244541483
1.1804524886877807
0.854253164556962
0.42910300429184517
0.38695443645083966
0.33196803652968077
0.257656330749354
0.537752327746742
0.4403569620253166
0.4594444444444449
0.4297406143344711
0.3908687943262409
0.537752327746742
0.4752846607669613
0.41988221709006895
0.5126478494623633
0.5611568627450986
1.421759036144579
0.5829162011173181
0.365040229885057
0.3050843672456574
0.1749228723404253
0.3091789709172261
0.40580867850098556
0.4412100515463919
0.4000310734463278
0.18746627565982413
0.17506909090909023
-0.01451542649727602
0.3032692307692304
-0.007503373819163042
0.2850826086956521
0.33062569832402194
0.28257327586206904
0.4676968215158924
0.5829162011173181
0.5345679999999988
0.2686986564299423
0.06845012787723781
0.17506909090909023
0.257656330749354
0.00805022831050225
0.1071351931330472
-0.34986719999999866
-0.3852801418439712
-0.5216748251748252
-0.16481560283687927
-0.3615308483290488
0.01223774954627946
0.1273543788187376
0.41988221709006895
-0.19430701754385965
0.2411165311653121
0.4594444444444449
0.5770810810810809
0.6128895522388068
0.7493498622589528
1.0778483606557365
0.6949718309859156
0.4319634703196346
0.8858695652173911
1.2871568627450969
1.4525121951219526
1.4293081081081094
1.3179581993569118
1.4293081081081094
1.4154409937888215
1.1951902834008086
0.7422266112266112
0.7986393762183231
0.243024691358025
0.33062569832402194
0.3971143317230274
0.48908888888888896
0.6907264957264956
0.7461493902439026
0.8858695652173911
0.7422266112266112
1.129294117647058
0.5376772151898739
0.6888920704845812
1.455879120879121
1.4263737373737382
1.4431704834605588
1.5125585106382975
0.8858695652173911
0.8347279411764706
0.6097681388012625
1.4824147727272752
-0.487744444444445
-0.9829916317991702
-0.9875785123966878
-0.8779452181986975
-0.8543661087866086
-0.1061875
0.13014598540145972
0.3555353535353535
0.031163686382393436
0.00805022831050225
0.26066741573033675
0.2167338129496398
0.32914971751412386
0.40340750670241265
0.8274210526315795
0.8896785714285714
0.4925365853658535
0.9173900414937769
1.5162953929539291
1.455879120879121
1.499810699588477
1.391849498327759
1.5471612903225815
1.0778483606557365
0.938156862745099
1.330361607142858
0.5945408163265307
1.391849498327759
-1.0448758901322543
-1.1464265536723144
0.35656950067476423
0.8161783919597987
-1.5837447216890626
0.4358609865470856
0.33196803652968077
0.6439753086419755
-2.1299986111110933
-2.1611133858267704
-1.0448758901322543
-0.9360680851063826
-1.9861408668730605
-1.8923948051948134
-2.1572436974789957
-1.8826942675159242
-1.621520467836249
-1.6499505154639116
-2.0833866666666747
-2.161319402985052
-1.5529710144927444
-0.8442497297297256
0.2104581673306772
-0.09116287878787868
0.32823076923076944
0.7839358108108113
0.557432075471698
1.129294117647058
1.3381311475409843
1.3606831683168323
1.362329048843188
0.516759061833689
0.9734585365853646
1.2564243542435432
1.2677508650519038
1.2995729166666654
1.5399943181818185
0.5624257425742583
1.504823529411765
0.7761590909090912
1.3180041841004189
1.3383249097472918
0.1365644067796613
0.537194174757282
0.6593138297872347
0.7038095238095238
0.30626687116564477
0.44343049327354256
0.44343049327354256
0.4752846607669613
0.952025423728814
0.6952957746478867
0.5022281553398051
0.49594189602446503
0.3283513513513514
0.2143134328358206
0.3555353535353535
-0.9903243243243264
0.09366533864541883
-0.5216748251748252
0.19038106796116486
0.29094694960212164
-0.5000037523452155
-0.7817690631808318
-0.24200193050193222
-0.38391383812010416
-0.2824068441064638
-0.9235568862275484
-0.9667048710601694
-2.092424324324307
-1.1761739469578762
0.1574345006485085
0.277885462555066
-0.02323954372623539
0.3283513513513514
0.4092544247787617
0.41902197802197827
0.5566949806949812
0.43478928571428543
0.7171595092024552
1.4525121951219526
-0.6922985074626864
-2.223986885245906
-0.95128125
0.5566666666666662
0.37041750841750765
1.357977528089889
0.4344702380952373
0.1952767295597482
0.19038106796116486
-1.0977487073423045
-2.1378155487804684
-1.6738786692759233
-1.0285672690763092
-0.9349208294062191
-1.0285672690763092
0.19184496124031003
0.20279101123595455
0.24344307692307643
0.3623639705882351
0.43458313817330113
-0.8762332361516012
-2.052331092436976
-2.056938628158854
-1.0276303939962483
-0.9696728682170525
-0.42516107382550317
-0.8543661087866086
0.0623647058823532
0.3217206349206346
0.8070053050397876
0.23442718446601918
0.31431884057971016
-1.0448758901322543
0.1365644067796613
0.17004605263157885
0.4092544247787617
-0.851409582689337
0.24344307692307643
0.26009572649572593
0.352376876876877
1.0743414634146342
0.34827088036117315
-0.15612500000000074
1.3180041841004189
1.3493362068965522
0.6531185567010312
0.352376876876877
-0.13552445961319706
0.4676968215158924
-0.26849107142857126
-0.007503373819163042
-0.011564766839378005
0.007507936507936759
-0.9235568862275484
0.10015400410677613
-0.9310820642978026
-0.9696728682170525
-1.0276303939962483
-0.49927480916030537
-0.9923567099567129
-0.9902109314857566
-0.9928735362997642
-0.8905066006600665
-1.043416666666668
-0.6705702479338806
-0.49927480916030537
0.19041396508728178
-1.0448758901322543
-0.6927068965517261
-0.9656699438202245
0.10183333333333365
0.4676968215158924
0.1574345006485085
0.2578801498127341
0.27191582491582456
0.8193260869565218
0.8875947955390329
0.9171799999999998
0.3971143317230274
0.4412100515463919
0.2559124087591241
-0.9310820642978026
-1.199831432192653
-2.1101984374999896
-0.9360680851063826
-2.207796498905914
-0.6789573170731705
-2.298955607476633
-1.189228451882847
-0.5206308793456038
-0.9239137709137702
0.02376315789473683
0.2945919540229887
0.2919054545454538
0.4594444444444449
0.537752327746742
0.5246016949152539
0.34721727019498605
0.2913655629139068
0.33349379652605465
0.6396842105263162
0.7422266112266112
1.4150184049079761
0.3908687943262409
-2.0458414442700055
-0.2861749999999999
0.243024691358025
-2.08095075757576
0.1071351931330472
0.27038515901060095
0.2682701421800945
0.13719168591224018
0.06845012787723781
-0.09683256528417757
0.23869206349206323
0.3283513513513514
0.33062569832402194
0.340265984654732
0.2257299465240636
0.2411165311653121
0.40340750670241265
0.7761590909090912
0.4510148423005562
0.4860027510316363
0.8274210526315795
0.382394160583942
0.5440897435897437
0.32914971751412386
0.3055770392749244
0.1273543788187376
0.3635430622009566
0.5717740112994345
-0.9325081029551983
-0.8341749347258505
0.3030917431192659
-0.8341749347258505
0.09420000000000048
0.6815454545454546
1.5399943181818185
-0.8266210526315793
0.16726303854875274
0.4412100515463919
0.29553271028037414
0.6703457943925233
0.5596565217391308
0.4306677215189875
0.17953186813186803
0.7038095238095238
1.4631244019138758
0.3836617210682493
0.3908687943262409
0.742309931506849
0.679211267605634
0.8180506329113922
0.672436170212766
1.4154409937888215
0.8170820895522392
0.27191582491582456
-0.7664746192893414
0.32799999999999974
0.4790957854406135
0.5945408163265307
0.6573333333333334
0.33196803652968077
0.5989615384615389
1.4622250712250688
0.5951767955801112
0.6062391304347825
0.6179128440366969
0.4137683823529411
0.48097637795275566
0.47523443223443196
0.6888920704845812
-0.8808665803108846
0.352376876876877
0.7681107078039933
0.742309931506849
0.516759061833689
0.2762688172043011
-0.9667048710601694
-0.027173267326732527
0.3053451327433625
0.6888920704845812
-0.5216748251748252
0.2257299465240636
-0.08795945945945947
-0.26779681274900435
-2.0621770623742472
-1.3728888888888884
-0.5990481927710849
0.06613324360699858
0.3015413533834587
0.19041396508728178
-0.38391383812010416
-0.3495410256410268
0.033086746987951846
0.06632600732600759
-1.9276960486322199
-0.237642487046632
0.22015050167224068
0.18533191489361694
-1.4840539730134994
-1.1053265306122535
-1.6431623931623935
-1.0276303939962483
-0.8638700209643565
-0.926367841409693
-1.3895683760683768
-2.0286523364485975
-2.077053846153829
-1.8617827298050182
-0.9054666666666663
-0.6238263157894729
-0.0770354166666666
-0.04270454545454549
-0.13552445961319706
-1.1436925795052952
-0.9232177777777754
0.22015050167224068
-0.9545318221447268
-0.9815308056872061
-0.02430451127819533
0.17953186813186803
0.682509433962265
0.37683448275862114
-0.8779452181986975
0.007507936507936759
0.2803429752066124
0.5694756097560977
0.9171799999999998
0.5989615384615389
1.032320754716981
0.5126478494623633
0.6994938271604941
0.3140675105485237
0.7986393762183231
0.4319634703196346
0.3971143317230274
-1.1395418604651206
-2.0414204275534433
-1.507165402124431
-1.507165402124431
-1.9353938223938236
-1.0498864292589085
0.18416352201257893
-1.0233466386554544
-0.926367841409693
-0.9591283185840691
-0.9534987951807204
-2.139318864774619
-1.5837447216890626
-0.9662395437262384
0.1365644067796613
0.14539468302658473
-1.8826942675159242
-1.1631144578313342
-1.2095708117443937
-2.065688888888886
-2.052331092436976
-1.8948722466960328
-2.07411524822695
-2.213609374999994
-1.60260506706408
0.25683394833948353
0.38695443645083966
0.26066741573033675
-0.4564025974025974
0.33349379652605465
-0.19430701754385965
0.18533191489361694
0.5002662721893488
0.42910300429184517
0.451559210526316
0.8858695652173911
0.5022281553398051
0.5917853403141364
0.5979119170984456
0.4860027510316363
0.7761590909090912
0.3555353535353535
-1.6356477272727268
-1.1303180327868823
-0.3452514124293802
0.17506909090909023
0.277885462555066
-1.079974025974026
-0.9325077519379855
0.42761956521739153
-0.1061875
0.742309931506849
1.3180041841004189
-0.8020045578851387
0.5002662721893488
0.8376157024793391
1.3606831683168323
1.4154409937888215
1.3994640522875823
1.4616000000000007
0.7422266112266112
0.8397883064516127
0.5226522678185741
-0.5000037523452155
-1.708446601941749
-1.0340740276035236
0.30626687116564477
0.4860027510316363
-1.5191785714285706
-1.1143138173302127
-0.9133188940092174
0.2153615635179154
0.3923957703927494
0.3600627177700349
-2.0358243045387914
-2.2132448979591732
-0.9349208294062191
-1.9872898832684869
-1.1631144578313342
-2.0264633333333357
-2.2274241645244173
-0.9133188940092174
-0.3462832167832161
-1.0729833200953198
-0.16601969696969693
0.43478928571428543
0.41274924924924866
0.015416058394160702
0.3836617210682493
0.451559210526316
-1.4849986522911127
-0.8722892938496595
0.16457373737373776
-0.3107494089834499
-0.9349208294062191
-2.056329545454544
-2.2208430379746824
-2.0318752399232256
-1.3223737556561095
-0.9235568862275484
-0.5038778280542983
-0.5990481927710849
-2.0358243045387914
-1.708446601941749
-0.4605323193916348
0.1273543788187376
0.3030917431192659
0.3923957703927494
0.31431884057971016
-1.0276303939962483
-1.0834609137055833
0.27191582491582456
0.4297406143344711
0.352376876876877
0.3923957703927494
-0.8213906581740983
0.257656330749354
0.19041396508728178
0.20396137339055817
0.06613324360699858
-0.8095835140997797
-1.9628627906976774
-2.036526223776224
-2.216615384615384
-2.1176593103448367
-1.5837447216890626
-1.0977487073423045
-1.8826942675159242
-2.019497902097899
-1.6482563237774077
-2.019497902097899
-2.0317623318385514
-2.0073707052441288
-2.068719653179173
-1.8826942675159242
0.02376315789473683
-1.110160528144546
-0.7937419354838711
-0.09074041297935112
-1.0700381991814485
0.3015413533834587
0.22412962962962954
0.3908687943262409
0.7171595092024552
1.3086486486486475
0.47186554621848686
0.049961797752809
-1.079974025974026
-0.8000339702760088
0.25115238095238096
0.3558567774936059
0.3283513513513514
-0.6338499999999998
-1.762891891891892
-1.9861408668730605
-1.063108640406622
-1.0087531380753132
-0.9928735362997642
-0.95128125
-1.6880173745173677
-2.0627272727272725
-2.1576591276252017
-1.1886454183266941
-0.8095835140997797
-0.8830987224157908
-1.8826942675159242
-1.1464265536723144
-2.021397526501758
-1.708446601941749
-2.07696493902439
-1.0060375586854458
-0.9928735362997642
-1.0292881844380384
-1.1898865116279036
-1.9279888423988758
-0.7664746192893414
0.1663944954128441
0.3870810810810805
0.44614008620689627
0.34744499999999995
0.3558567774936059
0.37683448275862114
0.34827088036117315
0.4414516129032267
-0.9470053475935798
-2.2132448979591732
-1.1922782551222848
-0.11490845070422535
-1.0763169398907153
-0.8947931034482763
-0.8964864130434749
-0.3007557411273483
-1.1234339887640428
-1.0233466386554544
-0.9902424242424244
-1.9412649199417746
-2.056938628158854
-2.056329545454544
-1.9022295345104323
-0.8560287610619491
-0.6352651933701664
0.23442718446601918
0.24782352941176428
0.2257299465240636
0.2913655629139068
-0.8095835140997797
0.1621002994011977
0.03673646209386304
0.3053451327433625
0.2153615635179154
0.44343049327354256
0.15657974683544293
0.357568047337278
0.41069020501138864
0.14539468302658473
0.3081153846153851
0.37683448275862114
0.4412100515463919
-0.8211570093457924
0.18416352201257893
0.31431884057971016
0.4048372093023255
0.4344702380952373
0.6683899371069185
0.28921575342465794
-0.2861749999999999
-0.8341749347258505
-0.38360855263157917
-0.4782673796791441
-0.011564766839378005
0.536019801980199
0.4235270655270642
-0.8762332361516012
-0.9903243243243264
-1.8826942675159242
0.20396137339055817
0.13792965779467717
0.2803429752066124
0.29324384787472013
0.24782352941176428
-0.9855919778699822
-0.9855919778699822
-0.9855919778699822
0.12440575916230374
-0.2861749999999999
0.11523367198838899
0.2913655629139068
0.38695443645083966
0.40340750670241265
0.34721727019498605
0.4344702380952373
0.32914971751412386
0.352376876876877
0.12440575916230374
0.26009572649572593
0.3750965517241381
0.516759061833689
0.33062569832402194
0.06490464547677319
0.29631658291457263
0.4092544247787617
0.3623639705882351
0.32914971751412386
0.2682701421800945
0.3550363636363644
0.09173394495412847
0.18241286863270773
0.29324384787472013
0.29094694960212164
-0.9923567099567129
-0.1496325301204819
-0.2733208092485542
0.20818432203389833
0.20818432203389833
0.11523367198838899
0.27001832993890007
0.23976025236593093
-0.16490963855421675
-0.3977653846153841
-0.7734184782608698
-0.38360855263157917
-1.1234339887640428
0.16885879629629624
0.4925365853658535
0.365040229885057
-0.7056733668341705
-0.7521255605381161
-0.9848895859473001
-0.668673076923076
-0.26849107142857126
0.23655851063829814
0.24782352941176428
0.24619027484143768
-0.9239137709137702
-2.235857142857138
-1.7220341409691573
-0.8020045578851387
0.2686986564299423
0.2257299465240636
0.4000310734463278
0.3003861386138616
-0.025924924924924837
-0.34513125
0.18241286863270773
0.29324384787472013
0.2913655629139068
-0.8986545682102597
-1.161935376967701
-0.20058312342569182
-0.5067673267326731
0.243024691358025
0.06632600732600759
-0.2824068441064638
-0.26779681274900435
-0.2824068441064638
-2.0922799999999815
-2.161319402985052
-1.8857509025270724
0.01795238095238109
0.17953186813186803
-0.7355666666666667
0.3696819338422393
0.4092544247787617
0.43478928571428543
0.3050843672456574
-0.18896511627906973
-0.8322154811715479
-0.027173267326732527
-1.1417577706323707
-2.0776378466557985
-1.3471445562671445
-0.9767142857142861
-1.1130668604651175
-1.9353938223938236
-2.068719653179173
-2.019497902097899
-2.0621770623742472
-2.1493199152542344
-1.379143859649122
0.1071351931330472
0.21591649694501053
0.25683394833948353
0.352376876876877
0.3495897790055246
0.34842962962962887
-0.9239137709137702
-0.9360680851063826
-0.08795945945945947
0.01223774954627946
-0.4782673796791441
-2.017021352313169
-1.1418785228377153
0.11026386233269585
0.2998777173913045
0.5360917431192666
0.5820944444444454
0.37041750841750765
0.5717740112994345
0.7320034722222221
1.357977528089889
1.1316818181818187
0.47077349768875104
0.7422266112266112
0.952025423728814
0.7983486055776886
0.34153454545454526
0.42910300429184517
0.47186554621848686
0.43478928571428543
0.4403569620253166
0.4235270655270642
0.352376876876877
0.4811146788990829
0.4358609865470856
0.3558567774936059
0.5257647058823526
0.16457373737373776
0.31258267716535487
0.3283513513513514
0.2686986564299423
0.365040229885057
0.4344702380952373
0.5486372093023257
0.16457373737373776
-0.28231901840490803
-0.26191304347826044
-1.090283495145641
-2.0833866666666747
-2.0894804469273707
-1.429870748299318
-1.7634813979706911
-2.0621770623742472
-2.1101984374999896
-1.1143138173302127
0.2104581673306772
0.1365644067796613
0.28921575342465794
0.3923957703927494
0.3495897790055246
0.34827088036117315
-1.0276303939962483
-0.8543661087866086
0.2104581673306772
0.05527923211169287
0.09042268041237085
0.16321631205673776
-0.7664746192893414
0.1574345006485085
0.1621002994011977
-0.9928735362997642
-2.0454237037037046
-1.0714213740458123
0.382394160583942
0.32218446601941725
0.2803429752066124
0.42910300429184517
0.537194174757282
0.33349379652605465
-1.1899476923076953
-0.9426144578313259
0.25115238095238096
-1.5861774193548408
-0.8020045578851387
0.2690677966101694
0.17506909090909023
0.352376876876877
0.32218446601941725
0.3971143317230274
0.41069020501138864
0.34721727019498605
0.34827088036117315
0.20279101123595455
0.3971143317230274
0.2411165311653121
0.2411165311653121
-0.04401917808219178
0.32799999999999974
0.29324384787472013
-1.9113955342902689
-2.139316931982621
-2.193221052631573
-1.0367433628318568
-1.3066774668630303
0.18416352201257893
0.17506909090909023
0.32823076923076944
0.19041396508728178
0.28257327586206904
0.20279101123595455
0.22412962962962954
0.26257122905027913
0.3050843672456574
-1.0032074927953967
-0.7001726190476198
-0.46332704402515845
-0.9875785123966878
-2.1493199152542344
-1.0032074927953967
0.03171454880294672
-0.9696728682170525
-0.6238263157894729
-2.0454237037037046
-2.0776378466557985
-1.3445362318840568
-0.3557890909090907
-0.2824068441064638
0.07351745379876802
-0.25362608695652167
-0.5216748251748252
-0.2861749999999999
-0.06686624203821663
0.15465248226950343
0.16457373737373776
-1.3471445562671445
-0.8644406332453812
0.2686986564299423
0.13719168591224018
0.5568478873239443
-0.04270454545454549
-0.4782673796791441
-0.42217435897435945
-0.851409582689337
-0.5038778280542983
-0.41755124653739656
-0.2824068441064638
-0.9156149289099541
0.1574345006485085
-0.34513125
0.3635430622009566
0.9724057142857142
0.7839358108108113
0.6952957746478867
0.5543397260273968
0.8170820895522392
0.605796460176991
0.3495897790055246
0.2913655629139068
0.23780952380952372
-0.35032613390928563
0.27038515901060095
0.20279101123595455
0.3032692307692304
0.5002662721893488
0.6067753164556959
-1.4595346820809243
-1.7220341409691573
0.2153615635179154
-1.2056845360824706
-1.323464071856285
-0.5654697986577187
-0.9349208294062191
-0.6705702479338806
-0.11490845070422535
0.031163686382393436
-0.0003345588235294933
-0.8020045578851387
-0.9470053475935798
-0.5216748251748252
-1.8948722466960328
-2.0650964360587007
-1.708446601941749
0.12440575916230374
0.32799999999999974
0.2837623574144488
0.37683448275862114
0.4510148423005562
0.854253164556962
0.7385794392523362
0.1621002994011977
-1.1848963730569946
0.02376315789473683
0.6097681388012625
0.4000310734463278
0.4048372093023255
-1.0708457008244994
-0.2824068441064638
-0.17157877813504813
0.340265984654732
0.6439753086419755
0.32914971751412386
0.6888920704845812
0.41274924924924866
0.3055770392749244
-0.5216748251748252
-0.2861749999999999
-0.28231901840490803
-0.2861749999999999
-0.13552445961319706
0.516759061833689
0.41274924924924866
0.3558567774936059
0.6950552922590825
0.8896785714285714
1.4616000000000007
1.3442951541850219
1.353412060301508
1.5156199999999993
-0.20058312342569182
0.4860027510316363
0.5126478494623633
0.4919053497942389
0.3623639705882351
0.28257327586206904
0.34842962962962887
0.29324384787472013
0.015416058394160702
-0.8905066006600665
0.21591649694501053
-2.08095075757576
-1.5302036316471979
-0.34300977198697064
-0.36243589743589627
0.2913655629139068
0.4048372093023255
0.4412100515463919
-0.5216748251748252
-2.1611133858267704
-1.1509956445992975
-1.7800284697508908
-1.672692307692315
-0.747395560040358
0.3206756756756753
0.574765853658537
0.365040229885057
0.3003861386138616
-0.8866164680390031
0.02376315789473683
0.32914971751412386
0.28257327586206904
0.2837623574144488
0.5022281553398051
0.7200390243902437
0.4000310734463278
-0.8442497297297256
0.29553271028037414
-1.2992826086956535
0.18241286863270773
0.32218446601941725
-0.1750936708860765
-0.9054666666666663
0.3971143317230274
0.42347666666666706
0.3696819338422393
-0.8905066006600665
-1.3066774668630303
0.408826086956522
0.7440285714285718
-0.237642487046632
-1.0769705232129703
0.1952767295597482
0.4235270655270642
0.5943192771084336
0.41988221709006895
-0.7056733668341705
-0.8322154811715479
0.06490464547677319
-0.20058312342569182
-1.3962058823529393
-0.4455890804597707
-0.8211570093457924
0.29094694960212164
0.23780952380952372
-0.7937419354838711
-1.1450406222990541
-0.5266687697160877
0.34153454545454526
0.36410940919037216
0.4403569620253166
0.8203922018348626
1.3357666666666659
-0.33558705357142754
0.3217206349206346
-0.6219760765550237
0.2913655629139068
-0.8830987224157908
0.5416714285714288
0.4412100515463919
-0.9827537688442223
0.3003861386138616
0.32218446601941725
0.27191582491582456
0.4297406143344711
-0.2347724867724867
0.6703457943925233
1.372627659574469
0.2913655629139068
-0.8442497297297256
-0.8857842592592553
-1.1886454183266941
-0.9325081029551983
-0.9662320261437842
0.11523367198838899
0.23442718446601918
0.3495897790055246
0.35656950067476423
0.20387788018433198
-0.7778156424581002
0.34744499999999995
0.3140675105485237
0.06043464052287567
0.3696819338422393
0.23520652173913092
0.4811146788990829
0.3495897790055246
0.7761590909090912
-0.237642487046632
-0.8676273764258547
0.2913655629139068
0.2605688888888884
0.28257327586206904
0.1749228723404253
0.033086746987951846
0.01795238095238109
0.40340750670241265
0.42910300429184517
0.8170820895522392
0.7440285714285718
0.41885714285714265
0.74759706959707
0.8161783919597987
1.421759036144579
0.5979119170984456
0.5945408163265307
-1.1915510907003493
0.2682701421800945
-1.1176162046908333
-0.007503373819163042
0.3495897790055246
0.47077349768875104
-0.5216748251748252
-0.8322154811715479
-1.9279888423988758
-0.8020045578851387
0.09729424778761066
-0.16440782122905012
0.2257299465240636
0.2913655629139068
-0.18896511627906973
-0.01451542649727602
0.04155844155844146
0.27038515901060095
0.31431884057971016
0.6067753164556959
0.4235270655270642
1.4150184049079761
1.362329048843188
1.3925192307692305
1.362329048843188
-0.1061875
-0.3332167968749997
-0.02430451127819533
0.23520652173913092
0.03446625766871204
0.43478928571428543
0.5596565217391308
1.321498422712932
1.357977528089889
1.4121149425287352
1.3301755196304839
0.5126478494623633
0.9839146608315082
0.8236969696969694
0.6949310344827592
0.357568047337278
0.3623639705882351
0.3050843672456574
0.35656950067476423
0.5126478494623633
-0.3155243055555565
0.033086746987951846
0.22412962962962954
-0.747395560040358
-0.2861749999999999
-0.487744444444445
-0.28231901840490803
-0.8266210526315793
-0.26779681274900435
-0.01451542649727602
0.3217206349206346
0.20818432203389833
0.031163686382393436
0.11026386233269585
0.2682701421800945
-0.5000037523452155
-1.4638196721311476
-1.7800284697508908
-1.114323891625619
-0.958481781376518
-0.8857842592592553
-0.30887946428571444
-0.3007557411273483
-0.4782673796791441
-0.5216748251748252
-0.2861749999999999
-0.0003345588235294933
0.19041396508728178
0.3836617210682493
0.09580272108843539
0.19008382352941178
0.1621002994011977
-0.25362608695652167
-0.38360855263157917
-0.7778156424581002
0.3908687943262409
0.7094125
0.5733593073593068
0.6779100529100532
0.7440285714285718
0.34842962962962887
0.4403569620253166
0.5566949806949812
0.5358060344827588
0.6674077253218886
0.49594189602446503
0.5070297029702975
0.4594444444444449
0.37041750841750765
-0.7937419354838711
-0.8696327800829913
0.07351745379876802
-0.47936781609195434
-0.007503373819163042
0.1801785714285715
-1.708446601941749
-1.2381846153846159
-1.9668666666666674
-1.9412649199417746
-2.030864341085272
-2.0650964360587007
-2.030864341085272
-0.6807335526315801
0.19041396508728178
0.3383988095238094
0.3908687943262409
0.3623639705882351
0.3908687943262409
0.5126478494623633
0.6531185567010312
0.49594189602446503
0.3836617210682493
0.41069020501138864
0.2153615635179154
0.38336111111111193
-0.17157877813504813
0.06043464052287567
0.36410940919037216
0.41274924924924866
0.3635430622009566
-0.9239137709137702
0.05527923211169287
0.24237110481586427
0.4790957854406135
0.5126478494623633
0.5829254658385093
0.7761590909090912
0.5568478873239443
0.5016324110671931
0.5079545454545451
0.49594189602446503
0.34827088036117315
0.1574345006485085
0.25391005291005314
-0.4963012746234059
0.16885879629629624
-0.1061875
0.16573821989528795
-1.0138138385502478
-0.011564766839378005
0.0024987834549878673
-0.9534987951807204
0.02376315789473683
-1.2051533477321914
-2.0318752399232256
-1.2128987975952041
-2.054999999999996
-1.1150989010988992
-1.4194537037037047
-2.223986885245906
-2.2524125560538075
-2.2791487804877972
-2.2059143646408863
-1.8928555729984338
-0.2733208092485542
0.16303488372093028
-1.2997372515125403
-0.16742640692640715
-1.6356477272727268
-1.8723858921161833
-0.3462832167832161
-1.9872898832684869
-1.1585704008222062
-0.11762499999999994
0.20387788018433198
0.09366533864541883
-0.3876062499999997
-0.19975531914893616
-1.1589645641389084
-1.063108640406622
-1.0125565610859741
-0.4455890804597707
-0.9902109314857566
-0.06451867219917008
0.04122950819672111
0.053859327217125406
0.03673646209386304
0.257656330749354
0.3117969348659009
0.3908687943262409
0.20387788018433198
0.1663944954128441
0.06613324360699858
-0.16814583333333294
0.0770869565217392
0.02376315789473683
-1.4855766423357646
-1.8617827298050182
-1.053209090909093
0.04122950819672111
-0.04343438914027134
-0.13552445961319706
0.2998777173913045
0.2998777173913045
0.3081153846153851
0.3820962962962963
0.3117969348659009
-0.9545318221447268
-1.1395418604651206
-0.11762499999999994
0.19184496124031003
-1.043416666666668
-0.9710362500000042
-1.0787410306588412
-1.8949959758551325
-1.8177068366164544
-1.11426211453745
-1.2095708117443937
-1.0787410306588412
-0.958481781376518
-0.20058312342569182
-0.052747222222222244
0.27038515901060095
-0.0876590163934425
-0.7934946921443753
-1.1053265306122535
-0.958481781376518
-1.1898865116279036
0.1621002994011977
0.049961797752809
-0.9147558365758734
0.24619027484143768
-1.107230769230767
0.05815648854961818
0.38695443645083966
-0.958481781376518
-1.0340740276035236
-0.4896638655462182
0.053859327217125406
-0.9360680851063826
-1.7634813979706911
-1.0608741123305483
-0.4455890804597707
-0.9667048710601694
-0.7521255605381161
-0.03056106408706165
-1.3223737556561095
-1.9607931570762045
-2.1332806652806626
-0.7521255605381161
0.11325867507886424
0.3055770392749244
0.64931216931217
0.26009572649572593
-1.1279872971065705
-2.054999999999996
-1.9607931570762045
-2.124309999999993
-1.2935609284332727
-1.0608741123305483
-0.9470053475935798
-1.2242886297376103
-0.9845218508997419
-1.6880173745173677
-1.0769705232129703
-1.6499505154639116
-1.210057248384103
0.04995977011494247
0.23869206349206323
0.1952767295597482
0.11314801444043449
0.30568627450980396
-0.8114387990762146
0.09042268041237085
0.049961797752809
-0.07649618320610638
-0.9534987951807204
-1.090283495145641
-1.9986896551724147
-1.9894733606557422
-1.9894733606557422
-2.0678223201174735
-1.6897764227642298
-1.0769705232129703
-1.0002291666666687
-0.3258066666666665
-0.9928007290400979
-0.8271117824773404
0.062400523560209406
0.10015400410677613
-1.1589645641389084
-1.1493303225806488
-1.2924934210526315
-1.919147540983611
-0.6250989010989004
-1.1899476923076953
-1.8928555729984338
-1.2051533477321914
-1.9094936708860752
-2.0264633333333357
-1.9276960486322199
-1.2937637889688236
-1.090283495145641
-1.3486157826649365
-2.051354838709678
-2.051354838709678
-1.0087531380753132
-0.41032682926829245
-0.36243589743589627
-1.0276303939962483
-1.6431623931623935
-0.16481560283687927
0.09366533864541883
0.10015400410677613
0.2411165311653121
0.23561139896373076
0.2559124087591241
0.3495897790055246
0.1672074303405573
0.4048372093023255
0.4676968215158924
0.6024409448818904
0.667314878892734
0.8070053050397876
0.9801861471861472
0.7458554502369666
0.6159090909090911
0.062400523560209406
0.3612285714285712
-0.09683256528417757
0.3283513513513514
0.14539468302658473
0.2170277777777778
0.3053451327433625
0.47077349768875104
0.574765853658537
0.2170277777777778
0.16303488372093028
-0.9545318221447268
0.18533191489361694
0.4852242152466364
0.2690677966101694
0.32218446601941725
0.2153615635179154
0.37041750841750765
0.6097731958762892
0.6294150943396227
0.6512784810126588
0.7422266112266112
0.762821428571429
0.6179128440366969
0.37683448275862114
0.742309931506849
0.6564188034188034
0.4851626297577856
-0.7817690631808318
-1.1899476923076953
-1.9353938223938236
-0.16742640692640715
-0.8020045578851387
-0.11490845070422535
0.26044378698224885
0.34744499999999995
0.357568047337278
0.6250476190476189
0.3217206349206346
1.0023278688524584
1.3107853403141376
0.4860027510316363
1.3419240196078415
0.5824
0.742309931506849
0.8194756871035949
1.4263737373737382
0.938156862745099
0.4137683823529411
0.7983486055776886
-0.8870412371134008
0.32914971751412386
0.7471035294117645
0.7471035294117645
0.43458313817330113
0.42910300429184517
0.30096632124352357
0.2998777173913045
0.3550363636363644
0.3750965517241381
0.3023198757763982
0.698300341296928
1.2677508650519038
0.03446625766871204
0.44343049327354256
-1.14385430463576
-0.2532527881040891
0.3696819338422393
0.4831020408163264
0.48097637795275566
0.5633447204968943
0.5440897435897437
0.22015050167224068
0.574765853658537
0.8323875968992249
1.3725585585585593
1.2934231805929919
0.02694520547945247
-0.9531657142857187
-1.9353938223938236
-2.030864341085272
-0.23436090225563921
0.37683448275862114
0.4510148423005562
-1.0834609137055833
-1.9918880733945057
-1.9780423572744001
-0.4333466666666667
-0.6898375912408778
-0.9051510297482792
-0.7641550960118161
-0.935283171521038
0.07351745379876802
0.32914971751412386
0.3302324929971994
0.36410940919037216
0.422
0.36410940919037216
0.42761956521739153
0.3801945525291832
0.5566666666666662
0.6703457943925233
0.7665514018691586
1.1316818181818187
0.7886522911051218
0.8601063829787237
1.3493362068965522
0.243024691358025
0.2913655629139068
0.28257327586206904
-1.1361259590792863
-1.3066774668630303
-2.1991521739130406
-2.2267883211678767
-1.2078846153846154
0.32799999999999974
0.37683448275862114
0.3908687943262409
0.5640444444444441
0.5770810810810809
0.4358609865470856
0.6994938271604941
0.5864382716049391
0.5440897435897437
0.5941808510638296
0.43478928571428543
0.18654214123006807
-1.079974025974026
-1.6431623931623935
-1.8826942675159242
-1.6431623931623935
-1.178069881201967
-0.9902109314857566
-0.8271117824773404
-1.8617827298050182
-0.9855919778699822
0.23354035087719296
0.340265984654732
0.5416714285714288
0.4412100515463919
0.31431884057971016
0.2912320000000002
0.20279101123595455
-0.1061875
0.28257327586206904
0.357568047337278
0.30626687116564477
0.3696819338422393
0.23655851063829814
-0.8840431472081223
0.5770810810810809
0.6593138297872347
0.8452500000000001
1.3179581993569118
1.3381311475409843
1.284235494880545
1.1160216718266254
0.8601063829787237
1.353412060301508
1.3599907407407426
1.3994640522875823
1.3725585585585593
1.504823529411765
1.5426357615894037
1.4909963099631005
1.421759036144579
1.5156199999999993
1.5162953929539291
1.3283588516746416
1.3283588516746416
1.3383249097472918
1.3086486486486475
1.4119772727272721
1.6343249999999987
1.391849498327759
1.3994640522875823
1.499810699588477
1.5572490706319684
1.5577890625000013
1.5426357615894037
1.4293081081081094
1.5917801418439725
1.502638297872341
1.3299617021276595
0.16457373737373776
-1.320662763466046
-1.9780423572744001
-1.8826942675159242
-2.1036120857699756
0.357568047337278
0.5246016949152539
0.6949718309859156
0.340265984654732
0.42347666666666706
0.5246016949152539
0.5358060344827588
0.5566666666666662
0.03171454880294672
0.26257122905027913
0.07351745379876802
0.2803429752066124
0.3635430622009566
-0.8638700209643565
-0.9133188940092174
0.2411165311653121
0.5440897435897437
0.6703457943925233
0.32218446601941725
0.4137683823529411
0.3980333333333336
0.6894916666666664
0.8070053050397876
1.1769472843450512
1.3500720720720714
0.5829162011173181
0.8601063829787237
1.3299617021276595
1.393874999999997
1.2995729166666654
0.6179128440366969
0.8194756871035949
0.9173900414937769
0.7681107078039933
0.7681107078039933
0.9257534246575349
1.357977528089889
1.3299617021276595
1.2743117408906879
1.357977528089889
0.5596565217391308
0.7761590909090912
0.856436363636364
-1.291366715758467
-1.2594894736842115
-1.1275836909871249
-0.25362608695652167
-1.079974025974026
0.1621002994011977
0.3302324929971994
0.3283513513513514
0.557432075471698
0.5917853403141364
0.6913
1.3310325203252047
1.4154409937888215
1.2769464285714285
0.5358060344827588
0.40340750670241265
-1.114323891625619
-1.3199761273209558
-1.4855641025641055
-1.415789062500001
0.3140675105485237
-1.9353938223938236
-1.8948722466960328
-0.95128125
-0.7778156424581002
-1.4114006410256432
-2.17012629757786
-2.0317623318385514
-0.8266210526315793
-0.5567103825136612
0.1365644067796613
0.2411165311653121
-0.11490845070422535
-0.8951888888888887
-0.9662395437262384
0.16457373737373776
0.3750965517241381
0.6460839694656488
0.8203922018348626
0.7471035294117645
0.8274210526315795
0.9839146608315082
1.3070311004784696
0.26257122905027913
0.340265984654732
-0.8696327800829913
0.3050843672456574
0.3495897790055246
0.2912320000000002
0.3696819338422393
0.8174285714285714
0.8274210526315795
0.382394160583942
0.6396842105263162
0.7171595092024552
0.6573333333333334
0.2682701421800945
0.3495897790055246
0.20279101123595455
0.29553271028037414
0.3015413533834587
-1.079974025974026
-0.9545318221447268
-1.2594894736842115
-1.8949959758551325
-1.079974025974026
-0.9545318221447268
-0.95128125
-1.9353938223938236
-0.6705702479338806
-0.9717872340425542
-1.4883951612903235
0.033086746987951846
0.21591649694501053
-0.3518695652173912
-0.3934444444444447
-1.0686774193548327
-1.03146575342466
0.26257122905027913
-1.0971687929342544
-1.1848963730569946
-1.3066774668630303
-1.2060604395604393
-1.3066774668630303
-0.37549657534246544
-2.079206896551723
-0.9310820642978026
-1.2594894736842115
-1.2182659984579842
0.18416352201257893
0.5126478494623633
0.8397883064516127
1.362329048843188
0.938156862745099
0.6512784810126588
-0.868348051948052
-1.0977487073423045
-0.9147558365758734
0.4048372093023255
0.5505211726384375
0.5774902439024393
-1.1304974554707394
-0.34251943005181434
0.4414516129032267
0.4752846607669613
0.8323875968992249
1.1816374999999997
1.0157222222222222
1.3506703296703286
0.5897644444444439
0.8858695652173911
1.0286678635547584
0.6913
0.7681107078039933
1.0286678635547584
-0.9829916317991702
-0.35591338582677134
0.4048372093023255
0.9721232876712324
0.41274924924924866
-0.9239137709137702
-2.1576591276252017
-1.1303180327868823
0.27191582491582456
-1.0060375586854458
0.6097681388012625
0.7422266112266112
0.7415900000000009
0.18654214123006807
0.05527923211169287
0.033086746987951846
-1.1395418604651206
0.26257122905027913
0.6294150943396227
0.7415900000000009
0.4000896551724143
0.5360917431192666
0.5941808510638296
0.6460839694656488
0.4409268292682927
-0.9662395437262384
-0.0876590163934425
-1.076833490122291
-1.9353938223938236
-2.044814814814815
-0.3332167968749997
-1.8928555729984338
0.09420000000000048
0.41885714285714265
1.129294117647058
0.8203922018348626
0.4137683823529411
0.6703457943925233
-0.5000037523452155
0.6588074074074072
0.5897644444444439
0.4676968215158924
-1.1620328542094422
-0.4782673796791441
0.365040229885057
0.20396137339055817
-1.987602739726027
-0.9235568862275484
-1.274273972602743
-0.2733208092485542
0.4414516129032267
1.04854
1.357977528089889
0.5440897435897437
-1.2060604395604393
-0.9147558365758734
0.4306677215189875
0.08607922912205562
-1.8826942675159242
0.1621002994011977
-0.052747222222222244
-1.0977487073423045
0.3495897790055246
0.3030917431192659
-1.3289285714285712
-1.7094827586206902
-2.17012629757786
-1.3169006622516524
-0.9051510297482792
-0.8866164680390031
-0.4455890804597707
-0.5092732919254658
-0.8951888888888887
-1.1191438398999418
-0.9534987951807204
0.10015400410677613
-1.107230769230767
0.3030917431192659
0.21591649694501053
0.37683448275862114
0.36410940919037216
0.25683394833948353
-0.36205454545454646
0.20279101123595455
-0.9235568862275484
-1.9353938223938236
-0.09074041297935112
-0.9429730312837145
-0.9147558365758734
0.04122950819672111
-1.0686774193548327
-0.6510625000000002
0.24237110481586427
0.422
0.6798921933085502
0.5774902439024393
0.5633447204968943
0.5774902439024393
0.3635430622009566
0.08266964285714293
0.07351745379876802
-0.9125767195767238
-0.22772886297376077
0.23976025236593093
0.2803429752066124
0.3053451327433625
-0.5972680756395993
0.04122950819672111
-1.621520467836249
-2.1576591276252017
-2.139318864774619
-2.1858053892215614
-2.1036120857699756