0.34007156168907726
0.239922630842854
-0.08967442517378815
0.13570523455666775
0.31852363091025493
0.15738041064267183
-0.07960311983958472
0.01677054814140801
-0.05525742257270918
0.11005779029298125
-0.649585068075354
-0.6936534226271486
-0.279817017996158
0.14634021332524524
-0.22087202928588284
0.1652028409665354
0.42149742105617877
0.3906238541771981
0.29981980419910353
0.6185347993125063
0.5394316466147678
0.46257289539311797
0.6636627304283363
0.696564452532606
0.7755260649411921
0.7032495812691671
0.8470313348835642
0.46575445270110866
0.40697328210831396
0.3224973165840997
0.17825122050042436
0.50026525093213
0.49827455737232795
0.5665481195025778
0.543085747680015
0.3403599956189128
0.6366436912344556
0.40440591952279825
0.42870778148485167
0.5250177990092001
0.5506519487412797
0.8058205574090925
0.6473188091868033
0.2891334554982644
0.2759371824860678
-0.056219518049772856
0.31919248314200505
0.4279111557645
0.5027757220368684
0.3268459955178108
0.16235482172345223
0.09021207410777479
-0.10578267027263842
0.2439548933373772
0.049575611667172205
0.2313678529302735
0.282132040682837
0.11638971624035319
0.5963288570417545
0.6510897608937418
0.5931516723957804
-0.005063297748488829
-0.037634476705177354
0.003953687619292726
0.20201508158626014
-0.14058646282356463
-0.09602938277221712
-0.3779382527887307
-0.5915471906661395
-0.43375137224770977
-0.1126691445084758
-0.32777340343072847
-0.03525047180938901
-0.05406700620092341
0.47420800306676114
-0.21884688690054938
0.0734763126411216
0.529442187342028
0.6713403464428943
0.5123142663364
0.6378466787989083
0.7569108979543697
0.6884917020523715
0.3320278334604766
0.717056439355643
0.8912588893943997
1.00935350402723
0.8725149117042426
0.8507064890641316
0.9240016841910155
0.9674977850234222
0.8681817494018133
0.705575080881609
0.7843545158898665
0.04470680048896612
0.26264295403228527
0.4486834622383984
0.5183576269979135
0.5916584108448755
0.5499778165335485
0.677937793617093
0.725187803727294
0.8215994650018535
0.5751551912819427
0.633637759073905
0.7896204647322487
0.9650959196913024
0.9178679784652717
0.9805442026421338
0.8355088683314809
0.8317806482323995
0.7425213915006911
0.9843330847908868
-0.2681224657095677
-0.5905134367814303
-0.5267951550101232
-0.5036013525634543
-0.3921331058538065
-0.18454797520243385
0.16012303525090152
0.3055412555184848
-0.019548735382334134
-0.3172631078758469
0.20525289994270896
0.15105036565227653
0.17106642608983386
0.38198824689111305
0.5864032150439795
0.7547018847100059
0.46076942146671435
0.8864946702389385
1.1314396724294804
1.0405923996562523
1.0151314081825225
0.9443867354160345
1.2008072523843223
0.785862372358709
0.666244686246756
1.1278318284452038
0.6535955894247295
0.9364998399218143
-0.9263239350588081
-1.1221585301758867
0.3473937097698246
0.7042682034172474
-1.1500149624084337
0.5296963190442495
0.31005605685303156
0.6531671612240081
-2.0598743630573226
-2.5263744093957468
-1.297578430728271
-1.061886542326511
-1.8290126866174625
-1.7401169286893818
-2.248128377649715
-1.897318692919488
-1.6111698016715532
-1.6039294038351357
-2.0742974366810336
-2.521949762027309
-1.6062169888144415
-0.5571831960031004
-0.004148528965726413
-0.17410521686381572
0.2020462541704579
0.6017588868668488
0.5410248180163786
0.8055281560678054
0.8109507607926404
1.0514740134128662
0.7852188808007285
0.4885181045364168
1.0310461251122078
1.1350036732199154
0.8889043288511445
0.8679167483907928
1.1716531535402548
0.5350998601422169
1.0307060197822928
0.7266827427290798
1.0645415637264366
1.1133085060492705
-0.013863984399653195
0.6722183898432302
0.723765981700535
0.7945255071950927
0.1609352306810906
0.5768757203518352
0.5019424687426286
0.5512255793451655
0.8341725954571494
0.7146050289825769
0.4302163490378455
0.5616074739662318
0.2320879626565934
0.022282636571967766
0.3109132381595756
-0.7335748048601546
0.0645477243622148
-0.31249915327065036
0.12076698008290378
0.20689067418191626
-0.3745497388198025
-0.46104156167611576
-0.10770956930542927
-0.38213848953594187
-0.22724086374818864
-0.38878169969332366
-0.9889099787685778
-2.109447757679923
-1.2158846763050581
-0.23779561722778286
0.12778779361709305
-0.17168757961783437
0.21468408485828874
0.25353017473797734
0.3103689861153239
0.3721548259360363
0.3515761281299496
0.6132969618845416
0.8713918865635426
-0.24787512890506516
-2.387031334041047
-0.592172481640794
0.6374400936878645
0.3051070029993597
0.762119204327167
0.38264490024601516
0.02128600158393154
-0.1041177156000404
-1.0579367623765712
-2.132354741224804
-1.6336785124523978
-0.980040020388905
-0.6794761871061235
-0.9012136268661745
-0.023393052606746876
0.08048291713005089
0.11988043507565807
0.3331132064503083
0.3187549666363355
-0.764062302429818
-1.9705286000741402
-1.9289433840987966
-1.1007987766656557
-0.8612305336501197
-0.33500947057778274
-0.6657318112119063
-0.27198638758622795
0.32525549994944947
0.6900363158426852
0.13642334445455476
0.255580816735753
-1.0145694899403501
0.02822559565935362
0.1757946736090048
0.4992795234725174
-0.3896640471288563
0.20183158258349357
0.3017778510767365
0.42995058891921933
0.7506704167087925
0.1700628820813535
-0.1347248108166899
1.0356768670171528
1.1229909395746975
0.5777170188386747
0.4768576188791157
-0.04549947848212179
0.5683493858052775
-0.03678561065615204
0.10041258467293508
-0.029722983014862005
-0.2179933702355677
-0.6102478177283912
0.07557778620294547
-0.587771304185317
-0.7742163960066826
-0.9389614931541685
-0.426907293667644
-0.8703783429710183
-0.8419110667640921
-0.9628555676571592
-0.687522249182758
-0.9677708219593567
-0.5178506588481107
-0.23057314562059758
0.040858523742122475
-1.2359894188319354
-0.46159673187746403
-0.5998110757254077
0.1255039491824523
0.6433313550273732
0.13858668486502884
0.32494673271998087
0.32211697671283673
0.7750514718767906
0.8385616713847612
0.856624712701783
0.3592569751963067
0.6093727530077849
0.13023949887102756
-0.778790722835787
-1.4401906502084851
-2.110928516282019
-1.2523410482593602
-2.656284069539801
-0.4671736814612612
-2.674006659252521
-1.6694748458194306
-0.5039813471383535
-0.6736348658713298
-0.10515296818656684
0.18816014642941387
0.24516903750884625
0.44538099871937414
0.48497050601556974
0.5386428782057767
0.3099850453274019
0.16943044235193896
0.2809445708219591
0.6105855929632997
0.7077014187982336
0.9350136159134563
0.36712254069356026
-2.457066523438816
-0.5656887348615061
0.017905851278940465
-2.7062518813399388
-0.2421589045597008
0.1442995610487649
0.10539171132005529
0.0030988465945472467
-0.1839293159836154
-0.3640177316078594
0.06176798857547262
0.24890862989923487
0.31096336989856066
0.19813091362518134
0.18824816469211395
0.15693141040370362
0.5295543355912782
0.7809827958076367
0.3480541030566508
0.7177819659286214
0.8163803255484778
0.3487790390253766
0.556541006133522
0.34542432077830165
0.30414159574207333
-0.051192288444040016
0.3136122190206584
0.6065921603048989
-0.7887234130224575
-0.4711152680888352
0.22972304957368664
-0.5122002755029827
-0.16368973056313815
0.8081831774677319
0.9688557737673974
-0.43726275838457374
0.19909992501600784
0.5745608288679948
0.24259719694671908
0.7418734118558958
0.6594546784956018
0.3838420331614599
0.007234023354564756
0.7440517043348251
1.4084455682852182
0.22846623698311602
0.42165834903478205
0.7616520245677895
0.7563156216395075
0.893602050685809
0.7615470208607151
1.0234072675496242
0.84095637785192
0.17096040339702762
-0.32796949668048403
0.3033664661476761
0.4982315480403063
0.6531204647322483
0.7362597689819032
0.2839547147238228
0.6634334445455466
0.9673570838809693
0.6458017077814852
0.7827516546263357
0.7737398645233037
0.3621509149732077
0.4933887128028849
0.43414040878913457
0.667021677113875
-0.31417554717634333
0.27092896741145134
0.6933247783414982
0.6497022073939278
0.4561035065547808
0.07002115728102991
-0.7289342250401174
-0.26836307003918486
0.24300974960401725
0.5802021543153714
-0.24081447865062489
0.03254460283759649
-0.06918515064199778
-0.24715357564115525
-1.768695027466046
-1.5132614632831185
-0.5764155944491935
-0.004292677686785971
0.263140206585111
0.017373415608925153
-0.48212831277592394
-0.4487772335119466
-0.15762642216830114
-0.31218152023725265
-1.7151847159033469
-0.4428582819398105
0.16909769403161123
0.1183531737606578
-1.3541205363461737
-1.3256395915478727
-1.4690135436867915
-1.0046310971406505
-0.7890008762174366
-0.8553284952191009
-1.5376914813129776
-1.9084719369919994
-2.0536962445198097
-1.7818916852020343
-0.8142176650490343
-0.4210544307956729
-0.14653370572574403
-0.3589222121120207
-0.4246893935564312
-0.9319580443500826
-0.6570992188337733
0.03437705405587568
-0.7370234298727931
-0.7216645960845007
-0.14749425824823914
0.05250795167323829
0.591456334041047
0.3335645019347248
-0.6425310335866071
-0.023629789554630312
0.35280493125063145
0.6313795175749001
0.8159057307990426
0.9083270827014461
0.8110320173221449
0.9264713407965
0.8220770313079231
0.3973845524550936
0.6087388964715391
0.3105463443197519
0.24504193121693127
-1.3843477374595212
-2.0013832722891634
-1.3068843210693528
-1.2734678739931924
-1.8340941529336436
-1.0750269832844672
-0.14923492484750445
-0.9197690779496505
-0.6537740235230673
-0.6330742240420583
-0.6567366823374783
-2.233134831328144
-1.403257234691471
-0.6497240244952026
-0.20263914332895194
-0.2330488996731034
-1.5733089466855403
-1.3565585380649061
-1.273703862096856
-1.9198677191998836
-2.0738173990435125
-1.5736593448130083
-2.0168640441417502
-2.4274505825620474
-1.2623493521046076
0.03426807114211571
0.25126899898285243
0.07578240235230688
-0.23439436670312475
0.2577066791665516
-0.2158738175660149
0.09116712997429552
0.5225438386748898
0.4141963672974821
0.37552159960233206
0.6671040954739998
0.31983592629356966
0.556285943143905
0.5215136698345298
0.45582014258447323
0.7065150370860569
0.3096255349981463
-1.5533196592862206
-0.805609691794405
-0.465184186802817
0.002007385501971486
0.0676868078724766
-1.0346157176098256
-0.6549910617396293
0.3368418511778386
-0.15593244493769978
0.5969647785865942
0.7607435303137532
-0.3156405625101489
0.556312987319357
0.6777534551612581
0.8658417155326396
1.0470394424224045
1.1122918250598186
0.8790969349240055
0.732899043743471
0.7411949634347726
0.4231484556667673
-0.3676268813399389
-1.697887647708507
-1.0724035533527578
0.1889359485053753
0.6033654163717864
-1.6988737248891708
-0.7892240538536724
-0.525411781754457
0.10316736603217495
0.3508962550129751
0.3515066988508071
-1.7072145001730978
-2.447024154113166
-0.49349833939945364
-1.782693228692752
-1.2293426599939326
-1.8674532672800195
-2.6305122087572705
-1.0011648190273978
-0.6465075194621376
-0.9857651673697857
-0.3065120213355884
0.3139243276716205
0.33459388417079505
-0.16586226198901363
0.33022049422033484
0.46939866461092594
-1.4714087533662374
-0.4980083426010175
-0.21766979439527215
-0.3863321246281432
-0.5489892688639503
-2.0600778241162003
-2.50966651792416
-1.8883029601443617
-1.2500737294847168
-0.8700601218432429
-0.34618570938379883
-0.35371978949335653
-2.056585799379906
-1.4897310783755044
-0.28119200957099055
-0.1858240412925128
0.08205046928183868
0.2595647566811579
-0.16307308005747484
-0.9637234467231282
-0.8720845398173425
0.20217948050416193
0.37118642536986485
0.1569883126074208
0.2912910516294274
-0.30728875745627315
0.16616069575034545
0.01103023202911738
-0.00042290190347515986
-0.08034669120688226
-0.3937969273413537
-1.7290931181698694
-2.087764821554949
-2.4584931583043037
-2.43111077303211
-1.3035469315539379
-0.853126609207023
-1.7417444617543352
-1.8527833900117343
-1.324618094349624
-1.8507288098608166
-2.2115411740241355
-1.860661752496148
-2.033562617760866
-1.6184418682579513
-0.14863041064267182
-1.0360442135948502
-0.33403365611152247
-0.18348863023624168
-0.9269798924948612
0.21958659471573483
0.0404801587301587
0.4128618154551275
0.7732296043541262
0.8366741768611201
0.3186429624574526
-0.05740348748326454
-1.287702276480304
-0.315149422033499
0.04228856766022375
0.27750577713746494
0.14111922033498464
-0.3825261828935394
-1.2321776639614213
-2.088864311219566
-0.9963115843934319
-1.088255766874078
-1.1256293463908107
-0.9961548628535888
-1.601546851514846
-2.2031082200531262
-2.5833836383244
-1.47709099755517
-0.7958160582163762
-0.8279648315119645
-1.6534015228873506
-1.1754031572932848
-1.877998664610925
-1.6861270018198358
-1.9143611557644975
-0.907280873184376
-1.0635773337714427
-1.3511323610689858
-1.3467126150035391
-1.7547854825936038
-0.48390002443298596
0.09463838422134606
0.32956595305496594
0.3728572886891357
0.2165395561621677
0.28417718127590724
0.292164892326357
0.13654754069355982
0.35701556549725333
-0.6034719677821582
-2.532480483099114
-1.3864611001583935
-0.6054040154349067
-1.1957781973511268
-0.9876866806524458
-0.9483613798739612
-0.44633219088059817
-0.9887456997944258
-1.0759091959173168
-1.1079871929026397
-1.772024037003336
-2.3807626303986176
-2.25571683961238
-1.7567696007696012
-0.8984515195172839
-0.5892713712802882
0.037823668823509606
-0.19171299582111698
0.11184558858221276
0.23264109995925272
-0.5528364205622168
0.061180356721598786
-0.08009156387962112
0.3787636807872479
0.13378546574326833
0.48748985778316956
0.018184479156135226
0.41200821453846925
0.5084417753513293
0.035490266403801436
0.2628517895056113
0.32844060425302457
0.40321255771239883
-0.5651843775356518
-0.03430576112964653
0.26515454959053686
0.32433057209952115
0.4301289901594039
0.5237814840090319
0.17446161102992297
-0.23856820341724794
-0.39426082595748196
-0.475890453059561
-0.4293259899572001
-0.33028977437400997
0.30246487294847146
0.4124952237724528
-0.26714618845415006
-0.6601493979245568
-1.939226530470003
-0.11909532066188114
-0.22355872173356245
0.12267336804502404
0.12744312759073892
0.05056165621945881
-0.6168758189262962
-0.7136251996764732
-0.8906240928392202
-0.09051574663835814
-0.39638109476628547
0.02899491510494695
0.21221313115994644
0.38186753193138573
0.3251834984666194
0.31255482057456585
0.3755404773393628
0.1973984587304651
0.2714892880886511
0.035572406733393985
0.21093157921342628
0.31365849433062815
0.40453284214605895
0.1808785781687056
-0.22471139335422796
0.18562376655545446
0.3515190474658629
0.22798755265729773
0.12949225137330245
0.061041798099282195
0.35352355845381306
-0.13547375139015277
0.09585073635965352
0.2668180062683247
0.17973676153405463
-0.937705363785779
-0.25673665537694196
-0.29897489468540434
0.010461341960705011
-0.057232655107336605
0.009131270009773209
0.0674662588885519
0.08188055302800532
-0.10736480891719749
-0.45207895860332165
-0.6364151834541963
-0.3245692818387083
-1.0530319312322496
-0.0642361641896674
0.4846991397137893
0.30070066306069476
-0.39437994582086955
-0.4934690977870913
-1.0676982787382479
-0.49049282512722
-0.1406555075320998
0.1474730765342231
-0.0690568875745627
0.12835510565160257
-0.4658294092142817
-2.2372983930907497
-1.760532207730933
-0.6306337385838976
0.052457710713443156
0.04626050702658985
0.2835966619485728
0.12107586189465167
-0.08482026788969467
-0.17354618424156618
0.03500251828261385
0.15940534278177587
0.14088141239510657
-0.6395749565131729
-1.2539409159842285
-0.30234027314393547
-0.2902295175748999
0.12793843055976808
0.002786174299868564
-0.2804499368112428
-0.12440703164492967
-0.18955726923465777
-1.9720146951774324
-2.2736283365961714
-1.6874101952953866
-0.24457267794720022
-0.09646222660330951
-0.32062145805951553
0.23581435564317735
0.4074502443298625
0.4216441697839796
0.15554854244599503
-0.4735201504734939
-0.6081723991507431
-0.29871050955414014
-0.8039245795841337
-2.1271365506750852
-1.4208141517541202
-1.22656093418259
-1.1723517355079456
-1.7331267490648068
-2.2564786904532124
-1.7791716284010874
-2.177816317251985
-2.395172141340612
-1.3067118806352873
-0.28500934856603655
0.0904772107639943
0.14305106754533495
0.25904398864287415
0.20702239241060905
0.138628486334378
-0.717709921477438
-0.7625223401745694
-0.1339186583763017
-0.09231219543018912
-0.4271075291893763
-1.7279931924645293
-1.236968879115695
-0.1657407154652378
0.17185154180568202
0.42445019209382323
0.466882788224986
0.2815313677417181
0.538991884035993
0.699490981700536
0.8987474775048016
0.7118376217436735
0.36009115947157316
0.6612473662925898
0.6985630767027264
0.7617794307956735
0.024160756411552596
0.3790741743335696
0.42529034054527715
0.5135502864557009
0.38249009483675134
0.3586841109763085
0.23938090014491295
0.39276298486839895
0.38347615830736886
0.20538940029656597
0.4133553937923365
-0.021501779395409946
0.18099661224008354
0.23574248643547982
-0.02356483197151986
0.34333109645131954
0.49047246678186185
0.4804063393259258
0.09480315859535608
-0.2734364405351667
-0.031076053988474336
-0.6577829188150833
-1.9865674746402457
-2.3138872594614637
-1.3063756790685135
-1.4230295816061744
-2.209328636991694
-2.4942094715734844
-0.9061469585144736
-0.08763347740370031
-0.15760485205405583
0.16361776783608
0.2493503875577123
0.26457781821858267
0.21940748997405055
-0.961073854177198
-0.8110460320700773
-0.12647426532538006
-0.09900470461362186
-0.2770211909817004
-0.06291236224850877
-0.5089811090890705
0.060163174434671264
0.09021954638897314
-0.8232816415596674
-1.7699661748666513
-1.0278599138947866
0.27353701934418506
0.11109979396635447
0.23220891045731804
0.38372026337074094
0.6526218321369593
0.29276819215816013
-1.2366391862973076
-0.5134923524753142
-0.02334687679034814
-1.335094226232604
-0.32818300643682796
0.20220015755063533
-0.006546781509361135
0.2996836054662487
0.23159345869982795
0.2973716821689747
0.3980557577595796
0.2888888442355004
0.24565042125838288
-0.04203193804897627
0.35976196289556167
0.08436586627573893
0.18222310686482668
-0.1341439027061639
0.24257117328884814
0.2513446845617225
-1.5113645249890475
-2.1716724637947555
-2.415397457514177
-0.9538698994034981
-1.4350750718437013
-0.15145865517473783
-0.17197471354429944
0.18218755189137356
0.06420769470562468
0.21569912554418907
-0.08123328362484418
0.15167352728069292
0.1683874102719644
0.14408876925150807
-0.9206434685802527
-0.34992254490614333
-0.444873414383446
-1.074118988642874
-2.1220263492523026
-0.866841161156607
-0.1173394668553903
-0.691761754793921
-0.5484503749199607
-1.799156331513497
-2.2676411411659814
-1.5087585650254454
-0.4702496680483942
-0.514628112256934
-0.15600057628146793
-0.4719657976489186
-0.47844449461248806
-0.2917241784695606
-0.015805356721598753
0.09351162757388876
0.013092742560576964
-1.261684188947405
-0.3826142427459302
0.14904383867488954
0.10654099433828738
0.2338540862063156
-0.1955565952212449
-0.3774798815421425
-0.5894301974859298
-0.7850861557644989
-0.6682191900043808
-0.36088112256933924
-0.31846808209483346
-0.5950798512115392
-0.029802719107973896
-0.1428907887641964
0.33825806931921604
0.7528161906446944
0.7220490336332689
0.7290789303407138
0.623885464058234
0.7132385164964777
0.4806246402453414
0.1679194256792985
0.06528294577562088
0.18940560442152815
-0.3520598327834
0.22802464874710102
0.13627578354059242
0.24091871145485794
0.5118805589256228
0.6084481692110675
-1.2823642625833709
-1.6694293726620169
-0.004741196465718751
-1.1011062860175929
-1.2735382907019852
-0.562249033633269
-0.9300276800458326
-0.734839853187624
-0.19808717183971994
-0.16838119334074758
-0.2599373900515621
-0.5220441942169648
-0.9148236199575367
-0.6413286379873951
-1.5816978655220697
-2.2525537011761543
-1.4914528532213254
-0.19059546051966428
0.2234426844269203
0.18564914147541534
0.2546058243184037
0.3312480023927474
0.538377747447174
0.4954501196373806
-0.03585251996764734
-1.1406411341960698
-0.14782305210123683
0.36467535554207525
0.24018183089616205
0.18785415782024065
-0.6829038924274586
-0.23124956357631532
-0.17318559212078322
0.15302200538904354
0.43913909951808033
0.13175133791662447
0.45562115138341264
0.3106292825127217
0.20094942203349836
-0.1381603722239073
-0.5376876798773295
-0.5735971691436659
-0.6578184199440567
-0.16504611339356573
0.006584395134235888
0.35494012317595125
0.12789735449735457
0.4910170525393459
0.6847438909109284
1.0023647356182384
0.7400367884945913
0.9662239864523302
1.0005668646581072
-0.48017694906532504
0.5446803297610622
0.5140987395949184
0.5232127902470258
0.2154461166104477
0.10756579634684743
0.3254443753580695
0.12828295420078867
-0.1675106022309845
-0.3234924788528295
-0.00990369359350251
-2.495509807737672
-1.7921886692217928
-0.3618142941394529
-0.31587107348890775
0.23971830451926002
0.3947947376402794
0.40345270110875264
-0.8555702566306064
-2.4525472373875234
-1.0532690273220524
-1.5803690725115886
-1.699109347340556
-0.5716848124098125
0.13640819010548313
0.43879181242206805
0.21551938462575396
0.14254096906278446
-0.6592033277114498
-0.11121611229063463
0.20868239561217256
0.1300009250834091
0.11170888265426485
0.4045362374886266
0.5911636454015434
0.2080043190473127
-0.30411621630315916
0.055040477875509745
-1.0770100087162195
-0.025430350211241955
0.16340360489946476
-0.209081896459285
-0.598645686467343
0.23237833552387688
0.3656233554072725
0.26117257186667997
-0.6433986180427268
-1.1339382583033852
0.4316213358945849
0.6668448555926266
-0.5376154706169042
-0.5843367101405318
0.04435398173423655
0.3842129511677285
0.5657836568597715
0.36811045685854604
-0.7336146985475017
-0.3045980773767397
-0.05511555538705221
-0.18815986587133074
-1.5277701736810039
-0.274180492366798
-0.393786768274189
0.25882407238904054
0.016548577831698844
-0.46919713375796124
-1.1452991322077308
-0.2935328503414491
0.35436841259118323
0.3167640220065378
0.355921431941496
0.7153154812455765
1.0195301215828276
-0.3621704226064101
0.29883499109995926
-0.5693774769403753
0.11354959451965817
-0.4479196567586691
0.6237555370201869
0.41064540491355794
-0.5675473944786052
0.16251859097496038
0.15393012671452164
0.12576717723182695
0.40507105449398445
-0.2479759537289792
0.7386826508947536
0.9318812826475255
0.017788304182253235
-0.4769186722395321
-0.7979750949746177
-0.9662279985171711
-0.6375612172682237
-0.7145062613548284
-0.027425433359987525
0.03639737027539578
0.25106629427425614
0.25754822818724105
0.05614006419977759
-0.36698605550500435
0.2744688639503923
0.23752859586155764
-0.1253767119940687
0.32504803777845204
0.010201920095709902
0.5086026648805312
0.09064709193849327
0.6547569558184205
-0.3346501996764736
-0.5009915318639835
0.17817764810678816
0.13719095359111272
0.16829034644289412
-0.19593385569372818
-0.41922103220558626
-0.137598764870421
0.21979127573888735
0.29695594510467116
0.7425063281434301
0.6440110453948032
0.2848506023994876
0.6652383766386957
0.7449191537761597
0.9633473014187979
0.49984897634212955
0.5868306136892125
-1.0261572801873757
0.038878722775219546
-0.8133668287539307
-0.11424787793004348
0.27070356185451716
0.38586463367371043
-0.14864843460384872
-0.6430199962929264
-1.6133972386895945
-0.6573008585245843
0.00254137599838237
-0.020276563711117863
0.12492281619654241
0.18136305142722317
-0.1851939347218009
-0.21282386512991588
-0.040875576281467964
0.1586960224783473
-0.1461928411350386
0.4275292858827892
0.22036322475589995
0.9905904719778921
0.9424265603410509
0.9696515064199778
0.8750777676675756
-0.2088766517924162
-0.34517571698176813
-0.12034539311832305
-0.00795607201833317
-0.250409508644222
0.3668005324705962
0.5172975339534257
0.9276528957301247
1.0285971379705454
0.9939030507532098
0.8927847074781787
0.421178843561487
0.8255142806591844
0.7740822987227445
0.5816373369730052
0.22766609291274914
0.31819905132612125
0.1317457562430492
0.20426542479695373
0.3849009022588641
-0.6225520678601889
-0.12286165537694196
0.17349167003673396
-0.4173344374132595
-0.3596179557173183
-0.4673170053584061
-0.17829817595120143
-0.6876930391264793
-0.2249981894314696
-0.04752496040171199
0.1685186533212011
0.08526945455464562
-0.16154922488457518
-0.18785043680664712
0.11247668587604888
-0.3609505104119755
-1.1669889862378713
-1.4946189351813555
-1.0111730453611032
-0.7394026598254309
-0.4057800416203278
-0.3278919864400756
-0.5582644912883763
-0.539888912096396
-0.6047307017705105
-0.42847464323244566
-0.11952233236214133
0.01783909277794627
0.2149644921308934
-0.09042989732018403
-0.006071277760927449
0.032713774306608705
-0.26768681422964835
-0.31315978583223775
-0.611647497206733
0.30647437738010974
0.41680618575809675
0.37533583392309505
0.5718724134735279
0.4385248095912111
0.1472216493108213
0.3930353486334379
0.4012261618306208
0.5741117716442558
0.6893461682337471
0.42664266221511415
0.4946821622350285
0.4640470289795134
0.2319846125801539
-0.32901461008324057
-0.356282434367944
0.008246978734876809
-0.38241010292491173
-0.19828732939035495
-0.08654976386552812
-1.4182800420798833
-1.3469367122851197
-1.859340205742593
-2.05755395416096
-2.0500873879835657
-2.1500780368899797
-1.8745878045698114
-0.6139856320431161
0.1103909806282416
0.17660500623462413
0.27272436221480795
0.26090608634111806
0.25855193104842783
0.4771914619350928
0.5768906531189967
0.3575144710679739
0.1942768378354365
0.2311206450308362
0.10983299686277381
0.34845514356485685
-0.2684559523809523
-0.12537175416586238
0.3304882165605091
0.289304047450544
0.18871872072254242
-0.5936562374756645
-0.1322755712263674
0.03433611953627877
0.40966034694840436
0.3851866477942916
0.5707689616823375
0.6825239729720621
0.4409522554173834
0.4224238027836758
0.48153137111178496
0.43786676271357783
0.1689193585077342
-0.1952800770060323
0.12731195868297776
-0.6977689903279077
-0.17350373656185764
-0.34798706989519096
-0.1834256858086475
-0.8889905431322627
-0.3623838118828567
-0.36752854362551807
-0.8692767633875921
-0.5287342018149339
-1.172855367674317
-1.7501648072321636
-1.3024154694503431
-1.8324174266167907
-1.4484880556398074
-1.5093348574461642
-2.2932030158270598
-2.4121658468978517
-2.424783531784327
-2.5651722951382174
-1.6640339512044926
-0.6803241396371971
-0.1701164433997237
-1.445278827170706
-0.611975554222847
-1.4990129081993726
-1.68334607387187
-0.5725967603698501
-1.9412935016681825
-1.1626217596805175
-0.5928212600680755
-0.06730261854210895
-0.3382802893202575
-0.6574080317123313
-0.4605213754928725
-1.2358978389444963
-1.1826059945067906
-0.9500656605484633
-0.7703240284249836
-0.9998908890236912
-0.48073864792909365
-0.29195046254170476
-0.18579876908300477
-0.26997531847133777
-0.008151110437097693
0.14956691436659586
0.19263992855457843
-0.08473728894955007
-0.11966605921207832
-0.19998547501095257
-0.23349589525831563
-0.08548699797489605
-0.17983261550904853
-1.8916848448084087
-1.9060810610656138
-1.057521089037172
-0.27734933609678813
-0.6461691780559613
-0.5511325749150587
0.0545381550567856
0.05571469686246756
0.1423820375425473
0.21265998972129563
0.13718087992451047
-0.8426075556903577
-1.3594971497657817
-0.4602145789101201
-0.06591992720655142
-0.9647413069120074
-1.0071149336096779
-1.2466153793010484
-1.906079133387254
-1.900001163515654
-1.1511292858827886
-1.2795042976780238
-1.2442162673137196
-1.0402264642941392
-0.6776115332120112
-0.34420653203248747
-0.006272458126916699
-0.5280181722441274
-0.7120404399622551
-1.1707016336400096
-0.8201601568459849
-1.2040593325582178
-0.13966408266774505
-0.2596844023339244
-0.8543239392713905
-0.01889185117783844
-1.1930712701782769
-0.27648996884219834
0.23735843772882026
-0.9869018988030144
-0.9770922859164906
-0.7379448084116873
-0.2814532773902198
-0.7891564747413465
-1.6400145013985772
-1.0207275385030163
-0.7007699836551746
-0.8200575337849217
-0.8301933171570111
-0.7164819937316749
-1.539431313820645
-1.8746885897954353
-2.492644794088903
-0.8378822810298918
-0.26775455043305363
0.09948909109291268
0.36387276901560334
-0.15930784972870943
-1.3831645249890483
-2.123899208034239
-2.214193522731103
-2.7742561579550458
-1.7198190400363984
-1.546316937957065
-1.3784906529658125
-1.5179309431132677
-1.1970895325716984
-1.721265879756006
-1.1244436769116704
-1.8039916236983111
-1.5966560753883992
-0.4359802632022379
0.022066652343881655
-0.2673491431604488
-0.3374463594850538
0.09157587698336107
-0.8366733068476696
-0.2575170870825329
-0.2883318277558724
-0.6416447662858485
-1.0376351464294145
-1.2499390481245576
-2.402527928588277
-2.02744019141981
-2.2677149479324634
-2.455092253900851
-2.0412373420281065
-1.1030164492973418
-1.0383958691402955
-0.7019119216122405
-1.09486845280221
-0.802875567013783
-0.29642817881575834
-0.22105597344387132
-1.140971170225151
-1.2151810298924945
-1.6909776547703301
-1.948325576281468
-0.8204186095103295
-1.2232056035790104
-1.7010155621271867
-1.2977624776733045
-1.8589402242779636
-2.1082483570923065
-1.952760703332996
-1.5466096156438514
-1.250080101439019
-1.6854486401779396
-2.074423704209214
-2.014833420955076
-1.0125697730259828
-0.7041381196710812
-0.667573721059549
-1.0983315589930225
-1.727851735584538
-0.4496075673324083
-0.2880535815387725
-0.29489327334613963
-0.23663474010655522
-0.1581238019411587
-0.01977496377177904
0.3609083931520239
-0.15758003740774443
0.33119503336366424
0.5419769074579587
0.4897422277828334
0.7066628391129985
0.891256676945371
0.8741240361608192
0.5917426456711494
0.6151976611734571
-0.23691493276716197
0.2960505871575937
-0.3411317999528189
0.21468126411215582
-0.1524012182792437
-0.020649045428504067
0.15885643261550908
0.6253982290297578
0.43384817763623557
0.0421378247902133
-0.12007438159269371
-0.8172836029386977
-0.3054334260101777
0.3448021424435438
-0.1107365947157349
0.10410420921376325
-0.12857759916422348
0.140446314831665
0.4201801486199579
0.4568791123243353
0.43398820897785895
0.47946179354969154
0.4834636917399655
0.4905923575304146
0.14921649732079684
0.5029570223772455
0.4628025208101643
0.41069056465473686
-0.5975135017141388
-1.3018276404475462
-1.6733800382502617
-0.6146623361304887
-0.9298841269841264
-0.5016643446904591
0.08521752266370095
0.26215298840696927
0.07062560071445417
0.3926770977901555
0.05964588874795879
0.765638151686718
0.7003116368415729
0.361742785528932
0.7564089921814441
0.4634533035082397
0.4267469517743402
0.5562795310551686
0.8576869982812654
0.5769964917601864
0.2777485350931211
0.5424350015165305
-0.7538944248367818
0.047824452364102016
0.3811186608272596
0.5233313423896229
0.22091342573444475
0.23746587470090672
0.11810569035823816
0.19809188985701734
0.29018328607580196
0.39865652360731985
0.2852083433669421
0.645874268695447
0.7463105988609176
-0.30707393337377414
0.4017339491364971
-1.303474902268055
-0.3527195556566574
0.30383056505301737
0.5780693913658878
0.44962542799851724
0.778716574832339
0.6956591446003857
-0.022746932396454703
0.43493552464284974
0.8366001920938222
0.8829201310956083
0.5395063770094027
-0.2389438471000573
-0.8278451867017156
-1.8618701504734927
-2.1249726266302704
-0.4166751095271791
0.470896971152226
0.4624792926229231
-0.9571624451981142
-2.118450540895762
-1.8954676701041346
-0.9150723977897535
-0.8372501491254675
-0.9352421477437396
-0.6571063986850615
-0.8385105396549665
-0.39299867786141635
0.1536255080376099
-0.05467812994978605
0.21932095928958992
0.24222625872004852
0.2527984000606611
0.381577103764365
0.2298581791527651
0.4029805377861114
0.5595903143506651
0.5663526817308671
0.5952617817544575
0.7456659597950999
0.8028454141812427
0.7223249460789264
-0.37169964422814705
-0.07017144036666338
-0.06943305254547298
-1.341648732012267
-1.9036925007582648
-2.597490525056448
-2.876313949550101
-1.0470724631820165
-0.05085025520598773
0.29822464614295824
0.3425552193913662
0.4323523725272135
0.5275304957368654
0.41244756757750456
0.469219782293668
0.340100421258383
0.6497458859906318
0.6090681486536584
0.07915922494584915
-0.23505852856744566
-1.3375360159067162
-1.8451630531122567
-2.004666857075455
-1.946087325024586
-1.3993100647052887
-1.0722393236275392
-0.9646525469281833
-1.8842387119603667
-1.0673256108246547
-0.11752181275907392
0.03370608886866849
0.5250053583300403
0.15224235102005812
0.02456211814842387
0.10207318797621344
-0.1464051542877976
-0.3207295935545934
0.1283860911970785
0.32817863461732893
0.3489002788730498
0.4299430559768139
0.16237270245677898
-0.6457930163785264
0.4792670727597483
0.6303701083476565
0.9004311537424589
1.038701548545815
1.1227664181242212
1.1681092137633542
1.1929579988541783
1.1572351801300849
1.2750711286354601
1.2278223207966832
1.2571312809624908
1.1569558445388068
1.3992997986384936
1.2352810644356829
1.3117689203990153
1.393954113166853
1.4651890354868065
1.252048863444883
1.5309756622181776
1.5837366039068252
1.6391652637996592
1.1649193964209879
1.566243194072973
1.3470393539581436
1.196233605466249
1.2795482290297575
1.2521769445286957
1.3765985382334112
1.3958781585953572
1.4400470798368896
1.242849746402453
1.59419033372855
1.1845345313155817
0.9402497697631452
-0.07443059515384354
-1.8098062455767845
-2.417094444444442
-2.1153820392275815
-2.6625486823037776
0.0325834335928285
0.4446038090182995
0.3588183651804674
0.12312840652506242
0.4044809287904837
0.49100224025208133
0.41672225423785897
0.7007030473831428
-0.19550143312101909
0.19677320122670466
-0.2388745458834629
0.16463029100529103
0.4047776817308667
-0.42845925336164187
-0.6789592331412394
0.05105993748525587
0.6568590511576184
0.714056448546735
0.11553570731580297
0.40510264297509524
0.37825788679944733
0.8312071723452299
0.9046937283051933
1.0579053760994848
1.132558859063795
0.48791940147608975
0.9519610698277889
1.28387808445388
1.214513968085464
1.0305773295588583
0.805577185488491
0.8793783658544809
0.9874125880430028
0.9727904205843689
0.9683886538267111
0.9901363326930214
1.0548585220570892
1.064549850032015
1.1425477184645971
1.0857134052842659
0.45749251002594976
0.7802277027937856
0.985586207158023
-1.5358943340747464
-1.4408992990260499
-1.3514950249384963
-0.3663532209415961
-1.1083892250530787
0.12824163212347936
0.2680702498904728
0.1627954310315776
0.770517891686045
0.6555487399778798
0.8788504760219731
1.1857525974791892
1.183826339601658
0.914515643851313
0.5673013909951811
0.5198756007144542
-0.9562612807810259
-1.582681008829575
-2.1824179793077882
-1.9695016782933974
-0.043035628349004124
-1.9129691200754901
-1.9495999106932231
-0.8711869720100612
-0.8070516235298084
-1.7105392697064672
-2.6262232922185156
-1.8392393913352492
-1.1814319392744557
-0.9427210214826449
-0.14655330266572297
-0.08381852610116935
-0.4910922185151486
-0.9189082810972937
-0.9890046144643273
-0.08375633488356413
0.3429785225625987
0.6349575893910289
0.7862157677012777
0.7703644466349883
0.8386618061874432
0.8172330527752504
0.8993397583661923
0.1906736317527718
0.36278013176962187
-0.36527832035857505
0.28239649091766905
0.3618510910592125
0.23091349796110927
0.46426398914838424
0.7766847133757963
0.874386256023995
0.31359303491389445
0.8698356755299427
0.7191133690560433
0.7098590553702012
0.148472723519698
0.2745798798571089
0.19256479627944598
0.23944562312540005
0.2434134861658747
-1.4328317274963775
-1.0348092722033795
-1.8984242906008824
-2.2167525494557334
-1.2888465751693445
-0.8463803929498198
-0.6830311764904126
-2.234882842988576
-0.6768818061568066
-1.1950983924780099
-2.2055900734674627
-0.27607013109560885
-0.12727158612206382
-0.4082230133454655
-0.4118944528696121
-1.1835346779900933
-0.9315121693121697
0.09038800171873428
-1.178612892191555
-1.5194837006706425
-2.107374826441548
-1.7376546801806358
-1.890230861389143
-0.5542840654804028
-2.5287997632527883
-0.8382555370201853
-1.9249111279614481
-1.852261945202711
-0.006005845381323093
0.7803024938496276
0.895033789134903
1.0542570847234856
1.0085334437030296
0.8025704630472149
-0.4074537681179401
-1.3103260186027703
-0.5766827637919996
0.3336893463754929
0.7690531560678056
0.5922908991338925
-1.4476882005526894
-0.3735350706029044
0.4941475220815985
0.5096802904691441
0.9123648417753513
0.9545053204933779
0.942589145856503
1.0354840410474169
0.8953957789910015
0.981994939001786
0.8694522208741948
0.810296262595626
0.8052183929835204
0.7430166119030762
-0.6397468122406024
-0.31708009975398527
0.4331064604185622
0.9212506891787147
0.25652626883024965
-0.6084049762280657
-2.708114485390761
-1.0506545318976845
-0.12821645435244164
-1.043919448657029
0.2948304544535439
0.5957038393489031
0.27809112914097
-0.3878660834152872
-0.3935017827654767
-0.3875065842685264
-1.169137629939063
0.00678882148754761
0.6337875054763591
0.6329306945708221
0.5904217216906706
0.7356314604185622
0.7131910836450646
0.8501629208371242
0.3991533549017622
-0.7608715612295225
-0.1781683238971454
-1.3687865652276474
-1.9754465153506544
-2.191010352692836
-0.2687973039463485
-1.9785234885249208
-0.1550843384558353
0.5323946854042395
0.8841526893135162
0.8048479821723453
0.4303673878610187
0.6461801721338342
-0.3851031459576046
0.5649850141542824
0.673709679675126
0.35260240232167056
-1.2923736688235108
-0.40219703686853386
0.33921867017153645
0.11202911400936874
-2.2189033456340788
-0.5644742838607487
-1.6033904564296295
-0.3774687085443455
0.505122555858862
1.064828975836619
0.905181830283422
0.6551586728675901
-1.3936133117649039
-0.4160265645536349
0.45341062666397064
0.005679643952414658
-2.0126245711589656
-0.1014226797088262
-0.2873308942472956
-1.3061847959424395
0.2503628374279649
0.204864417989418
-1.8881714850200515
-2.0172614565429856
-2.6497297804401305
-2.2746510826340445
-1.165413328615239
-1.4291390059987183
-0.8586310079281415
-0.8686930655685431
-0.9323063770094016
-0.9961974126310114
-0.8954041828659658
-0.42937514299807245
-0.9635563390961482
0.0966845381323088
-0.1180485809719887
0.4046859105921212
0.3506883092373537
0.08351354935463207
-0.4746064107866651
-0.012011301519900259
-0.6584240936051448
-1.6808703198193644
-0.31252772400988965
-0.6966547738531814
-0.8110922378164419
-0.2927941832642469
-1.1119931772992293
-0.6818716570466576
-0.07019327081858934
0.5815739071791618
0.7843144946584437
0.8322554426583088
0.7309229585818762
0.7065093527786201
0.08087554426583089
-0.18120366747548278
-0.08014970259158158
-0.5300608203662345
-0.41447843409833823
0.008864252856131844
0.18967177821588654
0.008808963535874369
-0.42772622164931084
-0.20104705793145253
-1.8613193424999168
-2.765699654568125
-2.7596795908738585
-2.7731701319381257
-2.6971577949651184