0.4018111962879717
0.31121933707000216
-0.04370166037583169
0.1471609037708137
0.4592419204478706
0.33602797187529826
-0.0574227840739653
0.3315738313341474
0.1716158709668856
0.3652688141552997
-0.5304009222705552
-0.5020275865773481
-0.31166922617056037
0.1146187385966088
-0.11821851169330926
0.28683158302495415
0.4694026700899002
0.754470580025227
0.45062934691700185
0.6756971552763865
0.7357828962299159
0.6354286280002237
0.7224308833113412
0.684363375183258
0.8470656832628409
0.7578266563178899
0.843806587548903
0.6170955231960925
0.547464461372564
0.45576479556452326
0.3161372857657469
0.7045403674809634
0.5117058478420095
0.4890541983539427
0.5420867066982799
0.3651849929739754
0.591568307828918
0.46175674690160623
0.48750435934034875
0.604451930458175
0.7377157466117438
0.8799975888573227
0.6818389196819891
0.45810976463098874
0.5001882331806827
0.11522046281517564
0.43711067355092525
0.5575345361527957
0.4750818292434997
0.5766526061309739
0.30914644676350433
0.29744322709219984
-0.05749781635572828
0.3713593615319192
0.15866506035841085
0.4195417273856063
0.3130905594290784
0.20690201156094148
0.7143079452667619
0.6668323284859194
0.7276347100251948
0.10214845892737379
0.043778413837840605
0.033014619699551995
0.23805803613687573
-0.08438024256968879
0.030751546006880084
-0.16818877336329985
-0.3200883837902533
-0.0998185535431213
0.10915967183262719
-0.3962104448208712
0.15674793348342408
0.043473672078705616
0.5765507785005662
-0.12527123528661036
0.19083897459706323
0.6804872581488176
0.6948538990894523
0.5163150992727409
0.6094100628743977
0.9108467570283109
0.9214430043155898
0.40582038793912184
0.6744029337680971
0.9568781546631189
1.1772244497507856
0.9687526302114899
0.9059644473440382
1.1012733627647269
1.2225779953392273
0.902612557448299
0.8706222356056119
1.005003306456479
0.2919376492129139
0.34772151863372786
0.46353891337954095
0.7027079745127855
0.6466336058471244
0.6255656769918524
0.8838775898275
0.8910678578493045
0.8995640905842414
0.7407819932058749
0.7065353641813102
0.9161990024503136
1.275833979034413
1.2033347378746015
1.2249481348010116
1.0854881547279136
1.135332540033823
1.0668630817834206
1.1742658091166254
-0.11913267391089526
-0.2904292218535426
-0.19632905331767406
-0.22807391635453736
-0.23560710992842618
-0.07928025937552614
0.1447229584781086
0.29687101551083234
0.017301286992187002
-0.23044780399316867
0.24685879201594693
0.13601145254593655
0.25467799963033094
0.47934077246304435
0.4993737374908556
0.6464270975581895
0.3394566967865644
0.8913361533013333
1.1919206448067052
1.2553934200098795
1.120457654616654
1.165295366563848
1.26011791558423
1.0438263245251724
0.6349512846733953
1.2078641961046952
0.7995566290599017
0.8846619585290632
-0.9510661738208117
-1.1210885749546875
0.278030455197451
0.822562228879813
-1.214987055505737
0.6208711887667175
0.15521337277957878
0.7557961065550506
-1.972652022089883
-2.6642512537163183
-1.2023482635502372
-1.3002561327738746
-2.055140791217539
-1.881624864020247
-2.5168638431467096
-1.9081213868088396
-2.029073955782228
-1.6751076903812434
-2.061497119734551
-2.571371024995843
-1.6987583633012708
-0.7781391266747669
-0.4328928578301312
-0.20339639346363514
0.16961272346782394
0.6393087326339243
0.6046077524136256
0.6300080643548134
0.7416784993794145
1.0982198037888287
1.0290527667308609
0.3847876872105272
1.0063941710356312
1.037848558944634
0.9136310254691
0.9834312269684828
1.17210112701331
0.5778428078636288
1.0300787393774977
0.8131020902520537
1.0453543919307269
1.130865407898127
0.19865927303321151
0.7916148946803887
0.7979637143730546
0.7887871844342805
0.060570421473934676
0.6185876849687718
0.47175577372245187
0.6352184723132073
0.8498091405586408
0.8105537675835058
0.5984240984919347
0.709793677339802
0.295016093357945
0.058030075307245944
0.337184809826674
-0.6244167886660943
0.07481562266531606
-0.40563519492369643
0.13374907045463474
0.09836941975429182
-0.35030251534549023
-0.5588871237788103
0.025202295934446155
-0.32075974174774535
-0.09875407869552115
-0.4331912348253545
-0.6253044677584263
-2.230683376282814
-1.601145875668558
-0.3776266914901686
0.0031012468798143657
-0.3398268777050198
0.32333350441487224
0.2635911691587247
0.40080745658777905
0.474545058411338
0.3909019089701968
0.6434549913688682
0.7312442918662589
-0.0701409532058735
-2.2195071482110293
-0.6961853383913543
0.6237606472999768
0.21008981221357176
0.8603651615860245
0.39068981609113024
0.18803867142219563
-0.08135383967036984
-1.0466579966449059
-2.0234085736964245
-1.946056860679546
-0.9863841032324692
-0.805680659327106
-0.6748906476524457
-0.01723693176519389
-0.026990433394441987
-0.0048813906607651355
0.40155289824038665
0.4196629644191094
-0.8360228513752987
-1.670952640555125
-1.668039970266856
-1.2959179467887976
-1.052489074190167
-0.9022645049092317
-0.6119050923475078
-0.16153567304241917
0.2525197296564614
0.7319739777809054
-0.012633035707755804
0.2701467378805525
-0.9302700241270134
-0.2831924950841363
0.022571448227062897
0.535836136831136
-0.20383705908556338
0.3089071986067864
0.2515445688853794
0.32504089523507324
0.748400213899116
0.35354350574170873
-0.0375948895806822
0.8100076460177342
1.095408856164995
0.5679989048681642
0.6002789630325042
-0.13696496563105676
0.6012828016890964
-0.36182739229299143
0.03878570529086712
-0.07678752242541165
-0.29618263677098977
-0.7160084461787375
0.12652460208650265
-0.5368436933224867
-0.6555250185771946
-0.9806357727219986
-0.4658177446532836
-0.8093132000690384
-0.6356626243619415
-0.9325427280024007
-0.7264974678732026
-0.8023750645494017
-0.912855809969437
-0.36883915140759366
0.20009469093078328
-1.1377920170526554
-0.6603160408949236
-0.7216138648458198
-0.07733660915849465
0.7574522971882364
0.02688205028515248
0.32693496763471047
0.16565778746470217
0.6723087886071852
0.713055113057393
0.7874412517879116
0.2738645726251614
0.565531601772182
0.11203621209030397
-0.31149755684369856
-1.7434993516268462
-2.4209395831640252
-1.0728275683026602
-2.6413598179087012
-0.3553397517298319
-2.849642657114183
-1.6580195632528105
-0.6216522352663953
-0.6867763134919159
-0.3571257164027621
0.18505558386953463
0.10947546138214354
0.3682483968780346
0.5418921637496796
0.19646933544375994
0.0978731575728815
0.14430337186267422
0.3684113943204446
0.5966091990724035
0.7465180179159088
0.8884735170780669
0.3068488099939912
-2.3088808233589275
-0.5025345517624937
0.35148885361102206
-2.5192097216873037
0.046325645872319576
0.17698683158402295
0.13842623193433762
0.11519000922049079
-0.34734884513269965
-0.41029871810280605
0.06240442251711077
0.15483805554092622
0.4703538580961631
0.1640325539386027
0.13944961577765919
-0.0675355178830391
0.5313425045500234
0.7776614284183635
0.329287969957566
0.7430704866067754
0.8881282039551983
0.40081872454782214
0.3845511383337996
0.2726019907414775
0.21845812341686413
-0.10233102632708972
0.5232644093755543
0.7409085186055029
-0.7710387736371512
-0.37549316754971584
0.38917083359264815
-0.3674944196449653
-0.12519116012689252
1.0717338945265906
1.1276487550204857
-0.47012028169989895
0.012785714379769796
0.6935116632182583
0.28399292110407964
0.913696088800009
0.7725656968198977
0.4446803442158783
-0.01802017797924151
0.49298170869251834
1.7486473590909275
0.12523302446622414
0.42289981136742416
0.8089342227424047
0.7297745594416358
0.9650116175943217
0.8209920463954827
1.1979604922890108
0.8807914146911923
0.1883206062952078
-0.2451153140307935
0.34651274310017016
0.6534988065993657
0.7137483738080781
0.6070077565415364
0.1963283978586901
0.6303356520700544
0.8583881425555496
0.5815691028146877
0.6673989493920449
0.6966156809662294
0.29232696240779704
0.4009941789382437
0.42740764707520945
0.6030778267325103
-0.4347381182016628
0.32662295910707956
0.7405055778342129
0.7966075306968735
0.49266364381822997
0.08180433499361292
-0.6640045884565601
-0.24954854024112386
0.2780586171060365
0.7037770256729492
-0.22708330536313948
0.14760522458209088
0.05863546713959067
-0.16569068862283814
-1.7565093684017261
-1.4364473960408648
-0.4563896763606087
-0.10144521580734632
0.22066062307747825
0.005921312722835158
-0.5001597632028588
-0.3761811064014363
-0.12586128308487915
-0.31806217609605
-1.7957698510771134
-0.5076835521004103
0.11128486539053996
0.1011730609288301
-1.3536367156581093
-1.3657389385119463
-1.4143358167239544
-1.1044019997543606
-0.8498001239355485
-1.0630048266989527
-1.5636687868117471
-2.0791240370198025
-2.25676119969025
-1.1704051073129687
-0.8164212255499204
-0.6083466087820916
-0.10018722515484589
-0.2978254591178392
-0.2821587166539066
-0.8690971296469835
-0.5925574353066174
-0.058650219180053156
-1.0476191136166417
-0.6675490420920493
-0.44700776245072293
0.07315641187058088
0.4981260656634243
0.19439511754754346
-0.6654647308402851
0.015990459394403876
0.4476925313860998
0.8119729777713534
0.7620555621786987
0.770204256159105
0.7047367114497564
0.8219666103104475
0.7642222973011747
0.4182615198508032
0.6998923888140169
0.5052901284786425
0.30766937173029607
-1.1936211766273055
-1.7739129538765266
-1.0977008701072952
-1.2499397747960883
-1.9011425161320714
-1.017836519445242
-0.3103861909804497
-0.9276533001991393
-0.6647437768088668
-0.6979185607221714
-0.7826646711385254
-2.487665813753796
-1.4698144096641361
-0.7314250153799694
-0.27566060631868977
-0.38942836320816493
-1.8237921598588764
-1.5108769556222739
-1.3820803757046158
-1.766864970713056
-1.781875186100748
-1.5968613828121414
-1.963769130368518
-2.084991940004581
-1.2530408741831822
-0.12161209217280579
0.18747483569191006
-0.08851028839419371
-0.3373868321965745
0.30262852031645476
-0.23487030849234874
-0.191579554960563
0.6675755202014143
0.5692511535101908
0.36971350250524415
0.7857154902026504
0.33326580564165137
0.5638357172207489
0.577453007516708
0.35714621164168536
0.4553376421171619
0.1349410527490472
-1.8237637472805275
-0.8808318819679651
-0.7363280034873565
-0.2158464493227402
0.12158745090821842
-0.9460652605886699
-0.5297372111978331
0.07744098747021173
-0.3444666317036266
0.5144718242967279
0.6565408449447478
-0.3570241328679581
0.7989103334181948
0.8584419159930315
1.095891329489112
1.34965364025173
1.1631835114726767
1.0057089795466205
0.9367003247330271
0.9921263790625823
0.5775482538874895
-0.2952654426580134
-1.383590490714172
-0.9522136499243038
0.08043578913711681
0.70699036642249
-1.4398143682616016
-0.8511045159037338
-0.30620452381573215
-0.03354270121974463
0.37167613695857943
0.37899790899816516
-2.1700754768064403
-2.711233612153019
-0.460993510844528
-2.0553011091688544
-1.4054680109945268
-2.054840767775985
-2.808991677299659
-0.8948847786732088
-0.5786118582695065
-1.0729938263319763
-0.23259938806174943
0.5714386415855818
0.4275011145431499
-0.19580985530095318
0.4661423546342333
0.5690669159944461
-1.4138076490170954
-0.4590072020917332
-0.21854659182105823
-0.18994100649444415
-0.5008035277300372
-1.9616670270874283
-2.100884865899613
-1.9609833349311845
-1.2172341326841933
-0.7536007204218907
-0.18050322091588997
-0.2552055045893849
-1.9298451230799347
-1.4478935504157844
-0.1971610218130734
0.008714826961814921
0.13041544923938883
0.3138075792442136
-0.14241399793232667
-1.0308446667750348
-0.6093159829533723
0.3544432834487154
0.4995250276606651
0.30865754777532406
0.6467000461577727
-0.45442353211349845
0.2641307685329067
0.06491184139672022
0.3219119329699749
-0.020307386436044936
-0.24373784479733976
-1.5883061280343025
-1.6311927620634799
-2.149812008851807
-2.2985139945647486
-1.2430923093825166
-0.6444339846051588
-1.7381432700183606
-1.8777449837152882
-1.001829490010311
-1.8684321132291533
-2.076453571910197
-1.6989676034649779
-2.0337006659679226
-1.2196175021332911
-0.13468251065754808
-0.9153804373604181
-0.42608929885308927
-0.2195231328861819
-1.00879717686065
0.28502238191885904
-0.11011294793883197
0.37491356993662495
1.00247068460189
0.868227088137579
0.3511371230284489
-0.22418379660257867
-1.326203040855068
-0.39076714271106416
0.008002238809231283
0.2872008397569258
-0.03398726415367441
-0.408519803220938
-1.2352038065765545
-2.1156479655990834
-0.9924815317542397
-1.138377624566127
-1.0479183239413046
-0.87049838100878
-1.7898036811929878
-2.154807642051458
-2.5497256196918245
-1.408232095563814
-0.607223362080358
-0.5164836158949482
-2.0477646693060083
-1.471724783184562
-2.540954383628284
-2.305240704073563
-2.301184825327145
-1.1058315634067097
-1.320174681573494
-1.6729309364350617
-1.5905796013253986
-1.9066150509098527
-0.7235920449844292
0.12112563012927907
0.40264730976492663
0.22647403033368219
0.08487348727076356
0.2672963794598548
0.13429668584200233
0.09725072230862965
0.2625952370538792
-0.777149863594859
-2.7443552826022297
-1.3483683048199646
-0.7756575374704193
-1.055711798977361
-0.9599007798451112
-0.7756878770458643
-0.5888350315520177
-1.1177820937335268
-1.1523345814434134
-1.3069148011104477
-1.5555517096456022
-2.25555453092574
-2.083842216763924
-1.720821906684548
-0.7683715462957833
-0.43545030532200457
0.01720399469722504
-0.3802043309895739
0.0016902925725445148
0.296148662405297
-0.8545517230235158
0.017738866633962715
-0.21480419581276336
0.35109118669280887
0.015772310680020888
0.6141946985661411
-0.25723514281600435
0.35350274332234355
0.48421196375298176
-0.24131344686793743
0.16519127657223476
0.39130752540357333
0.5591314560021489
-0.5915993189417499
-0.10183668314003974
0.27825482046164346
0.34467850834564434
0.4066367493210347
0.4109698735485222
0.10949539089413676
-0.230924886016202
-0.5212438419179699
-0.4346107028696045
-0.31031667754550785
-0.232560661708819
0.40903742526375847
0.5156836833692844
-0.41300223631116645
-0.8623634276180918
-1.9594773280696156
0.09827050196838705
-0.4444693399809644
0.1701969613958685
0.09517543897897669
0.050657113548373274
-0.7633788897878976
-1.0525017640031598
-0.7933452539756088
-0.3414944155442302
-0.3722261747791751
-0.19063419311016605
0.17444509417497106
0.37258289127253597
0.35488773545249197
0.2005392648272543
0.3093388913386463
0.136860126016693
0.05020980430751399
-0.02568976749620901
0.23471835932819785
0.1497577941596757
0.18121488246957698
0.18449979637784944
-0.43027800027417007
0.21023267545154845
0.41495485579796393
0.29478125349112805
0.01505363089749189
-0.15732095456751555
0.26907637086843333
-0.3551725180074927
-0.11971127248103619
0.3052674181792696
0.07411434084215485
-1.3431365623265783
-0.5379903113125921
-0.5639924068328069
-0.21897213041610825
-0.23510610480060856
-0.09278312614926082
-0.21345669241396456
-0.06610854181852635
-0.09340485851478122
-0.405578909391471
-0.6425599917616506
-0.27680097683910604
-1.1885322117432793
-0.5307370319033686
0.37694488744487353
0.2734713805270838
-0.4030371277028967
-0.6063291312338804
-0.8167255275416613
-0.5735016825184039
-0.09727710010724407
-0.04551074093196666
-0.12755209919130917
0.1632210324844382
-0.6506946822625242
-2.2864913249370242
-2.086803224498129
-0.6827026966086956
0.005086051655503267
-0.14383448981744526
0.3345954274720778
0.008717172289049483
-0.17813130129755742
-0.164235315662699
-0.045461866006879785
0.15809549411866197
0.16370964895589166
-0.8297273053705747
-1.362997223671011
-0.457853069081001
-0.40889464296734923
0.006850156561646045
-0.0016080577247603559
-0.3271434897796618
-0.35090948904528046
-0.10266752727307309
-2.49339219865722
-2.5650101758508237
-1.682762353156825
-0.20655866944792933
-0.04396592331815148
-0.48993823626335675
0.3127731401567648
0.36709156577059426
0.47769035331989207
0.16460442646190748
-0.4881334646158761
-0.47579031889858786
-0.10066726419316836
-0.9835135219035883
-2.026179625659797
-1.3911869028329493
-1.168185470306388
-0.931863143148588
-1.5570499714300017
-2.135947167479782
-1.7766716111160146
-2.049784795345607
-2.0529292972842783
-0.9843662841158973
-0.33514663932552186
0.01242758455741049
-0.02057617456076379
0.22208910437271967
0.22779800747086612
0.12150478001786492
-0.9542768916201143
-0.8096699923965059
-0.1260411205173006
-0.18069107715044874
-0.27742814144640227
-1.9099013576887007
-1.0716738729455138
-0.16242742986745132
0.08668141689464379
0.40566892097885343
0.37116467737980485
0.37428349910542863
0.5086010730867203
0.7522354158474107
0.9089909511389842
0.6631442777973201
0.4493094430961251
0.7159684844239138
0.6571270352403104
0.9905388783281398
0.035112546462147294
0.3520787901850733
0.39062800113552554
0.38147195256325006
0.37848239921964116
0.21710438625873746
0.09972056653242282
0.4012259369732123
0.39901909104063515
0.14711069175269514
0.49621633879858174
-0.19390239384559302
0.2030228519575682
0.1552129038002054
-0.2776478251773448
0.2325099809562014
0.46489143179191217
0.4350044032316581
0.08356510785535827
-0.6242427123220355
-0.05128366722797588
-0.709805383221285
-1.9636914538805048
-2.1448244667129295
-1.0080074189542085
-1.1506757194214627
-1.9983763177505804
-2.602719691182204
-0.7718425174303587
-0.2905365552478217
-0.3342064059184642
0.0038376547421345433
0.2316156314123371
0.1841075222356585
0.22177959926522778
-1.0548451459894217
-0.8712631310263181
-0.3367327542440314
-0.1621499500684733
-0.23872859038988653
-0.16708136153217504
-0.5126086848302791
-0.009855151040638577
0.05073366898494302
-1.094559326056907
-1.8828348125663878
-0.8724546018991256
0.3320286769922318
-0.01996650590392819
0.18942822635874035
0.3393469267419524
0.7060746092786863
0.3646869649269833
-1.0882965436771528
-0.4703377785223112
-0.11532461621693472
-1.2223879977769145
-0.3093751113867728
-0.013816861963316175
-0.1638023375010248
0.02410569084024507
-0.19309349830238684
-0.069768073897183
0.2513588718475311
0.2590415101383577
0.1786422566706704
0.10104007294522577
0.2392494766147178
-0.1539606304008837
-0.04920480254939319
-0.301320803497161
0.0482318782456029
0.1677517895910146
-1.572528832407669
-2.2691109062358445
-2.4547915143458137
-0.9451398389167567
-1.244960605823501
-0.306995723982773
-0.3790809131282729
-0.0599888170265682
-0.07232328809378138
-0.09281963311426163
-0.23399302880609368
-0.0863138625582215
-0.022824596580372503
0.08183926162170874
-0.9239494622506563
-0.5633397872355802
-0.5071700342509853
-1.355928655728731
-2.05242182421866
-0.6765490656981157
-0.15075392490320938
-0.5600292020028514
-0.41475086294152563
-2.119446615648358
-2.4639714743681034
-1.7346152151524175
-0.5774857508193907
-0.6225439074781567
-0.09100979865968356
-0.6830487286436399
-0.44901862330182396
-0.2283084080886879
0.011909287662042146
0.1412621935135866
-0.01033250151782314
-1.3543174663533912
-0.14789024549761778
0.16922436910087937
-0.01320367762879143
0.20968265383203552
-0.21550940781402927
-0.22077981197832938
-0.48457118796400134
-0.8108266369915405
-0.4384808234388339
-0.15690446967689575
-0.23195768287567015
-0.8413247318976526
-0.22647310855273825
-0.20319730789030954
0.22436481354027996
0.7806596217428233
0.7712831145738722
0.7297899213578949
0.6179233426816573
0.8882468790786852
0.4564893056500876
0.056672167315200396
0.08749260350139418
0.06592905160530876
-0.5800954379577684
0.13278412796346764
-0.0037318346992817665
0.0697814862156266
0.481041440844878
0.4845064234277034
-1.157083084984392
-1.773484741387255
-0.28965000948825
-1.0334916700090728
-1.3362789709721719
-0.5873124437830913
-1.2952259157130026
-0.8280243058707243
-0.3493982994354381
-0.19356413408859302
-0.27245038029122814
-0.38836613491350425
-0.8283814466926896
-0.6005596496218595
-1.7241131237339915
-2.2133639340607094
-1.686298617921601
-0.33999824236573567
0.05975001554758493
0.01695345889562714
0.1695101990149761
0.26631848999911706
0.5472719255754596
0.35119125780563176
-0.13907270746923026
-1.3922074835960006
-0.3250374424083974
0.11504751017161755
0.11037892985597626
0.11871968127516931
-0.6212720728593641
-0.2520452486218574
-0.27403193300594697
0.16076545200661044
0.41041012326638276
0.038145221859837534
0.5854842867820581
0.2981170087143437
0.27232294709766647
-0.13533543345155416
-0.3325370223497383
-0.375951033978677
-0.23371288666240853
-0.04297308379491921
0.13895417823716097
0.6412997732512423
0.1548155292884898
0.6115095124762984
0.9299497499438257
1.1213673620269733
0.7824016847341485
1.1543003285641003
1.3720270437380502
-0.3528042761844973
0.7415791584316417
0.8467035060857845
0.488369503043774
0.24022420478348702
-0.027031545676988178
0.5638613979997534
0.2573556168797256
-0.027272192463181768
-0.3579341837336001
0.18744719262600007
-2.3983924175885787
-1.7668687052981982
-0.30413853989319817
-0.27923874423400774
0.21028276460808745
0.5931168346404934
0.5405530835693492
-1.3359837877876748
-2.552664568076433
-0.951989080626765
-1.685132256428795
-1.5221450377199948
-0.5488849230758422
0.3803398397672091
0.6267001819976977
0.3524952254226375
0.25212890256750914
-0.6767585858297492
-0.21003558827596247
0.37971101775038096
0.31837872959567465
0.3560953954316119
0.4445195796342652
0.9390757144544282
0.3107407690243488
-0.3354856951981278
0.12331704611591872
-0.962286343529469
0.18950442615959046
0.19553013297405958
-0.10011662878364624
-0.5304781717456386
0.3882633056459233
0.29687907368644917
0.1238158435860012
-0.6364025208220526
-1.1309107998255223
0.5101741190420631
0.9905626303870768
-0.33212269235094194
-0.4319225903062808
0.23933286644868984
0.4834095337034519
0.9357823463134352
0.6415596838722367
-0.7248186061362978
-0.3979394780896427
-0.09715005393793388
-0.055887224384059596
-1.4534365171389885
-0.23337556921885363
-0.35192768805135993
0.15557267343664719
0.10373129661504363
-0.5496540729626835
-0.9615942469294979
-0.3909091492563782
0.6214194508894815
0.5326064927534752
0.4096669775396808
0.7795210112436869
0.8901987115604261
-0.4755300724987424
0.2952457597297157
-0.5655442144632604
0.20845552785488639
-0.572595438379772
0.7702600400860244
0.4575510828922343
-0.5611460052554317
0.24539150400732732
0.29151222287040685
-0.10959291967474558
0.2517209289026549
-0.23946710611452313
0.6942180046750348
0.9594065326703896
0.18096227342944274
-0.6157664244079019
-1.0328581966068573
-0.9472673971769558
-0.4741194719098819
-0.6007014554611965
-0.14201892823403908
-0.11389799919165661
0.1193099384481907
0.295840604742604
0.0618647975411564
-0.5380833892063375
0.2961620302811333
0.15085791855421124
-0.15475002580587688
0.4559976282887579
-0.0315231005879267
0.6948662487418521
0.06229136023545234
0.5965172000708352
-0.3557827526171173
-0.7186818267768915
-0.01550026200945894
0.04227705316395094
0.023446287558512066
-0.23421424489196452
-0.5163305373143132
-0.21786435122813455
0.45602491191097555
0.2958390015195147
0.5978346533635949
0.7140674895075441
0.5571233297283806
0.732377301092589
0.40662625726526896
0.9918254752546045
0.4110394205502271
0.656068759560981
-0.8272284968246443
0.02641358397249333
-0.5719830161089918
-0.24820302120254956
0.22014847857489256
0.3980833064304418
-0.12100418333835665
-0.4398515660308111
-1.3819755327407286
-0.49094978247920174
0.20466035718473316
-0.018136300742518822
0.31494983470138227
0.44815723033737215
-0.1353328373281653
-0.2305747424763749
0.2714087653176161
0.4832148019777935
-0.32187402315234015
0.4727976920261575
0.37220795351007424
1.1225856053646026
0.9230013581362149
1.0331992356154693
0.9639672621479812
-0.2659868827376524
-0.3467363483547356
-0.3436326200847041
-0.11132460737831952
-0.15769011916820794
0.44117639639297285
0.6834948164933559
0.7761113432247271
0.9433789177319307
1.0124832795969572
1.163949037146968
0.6790975274892462
0.8864987536503496
1.0000026300475866
0.8254607790973548
0.36733757147680607
0.4797576865593297
0.3436971159459681
0.4632625176285401
0.6360411636374098
-0.7145996709840708
-0.2494507949309772
0.2824873619975399
-0.37012982572393266
-0.5831370204894465
-0.4176318506439404
-0.11996005436407459
-0.5471621756454801
-0.07116357306782492
-0.06458534006360259
0.21889456661370457
0.01686024961773376
-0.25275870804621603
-0.12631478931439916
0.1348032861204578
-0.37568146172589184
-1.0103218873725432
-1.398878519855668
-1.1024817359970642
-0.7554908701851204
-0.4532682246124942
-0.47244207814456524
-0.5849456136644663
-0.35754882472488614
-0.4020019853471148
-0.3756980312313425
0.030714436292511284
0.18293007770292913
0.48216046251678246
-0.028815346980199483
-0.18715900919074255
-0.20085949454154964
-0.09593918545558841
-0.08288647409460537
-0.6209825618459537
0.5474626688188684
0.598974016670722
0.5223789681469092
0.6021157796763027
0.5694834961592196
0.1975091738637691
0.55967913161254
0.48182640937260146
0.7635960886410628
0.8749944338871098
0.5802755915390811
0.6020154012766138
0.6664304872909866
0.3852744457596317
-0.355776423780131
-0.3234386225245376
0.03864936992903251
-0.3871575045298312
-0.33099962997104976
-0.10027828799107058
-1.2171658219769201
-1.0598009766962564
-1.6518862585683176
-1.7626469548791903
-1.7831410913349979
-1.9329559414911839
-1.572065695940184
-0.5759016530490525
0.1424516826330524
0.2674861784720115
0.33385398012757334
0.19396906346946696
0.20776646612102928
0.6158910954813931
0.7178586745458793
0.3491345288435568
0.12858242013503468
0.40729521866880125
0.12205374051004071
0.3204432298740629
-0.47947755662719355
-0.1681135156423623
0.19123350202782832
0.3124691244664327
0.2568576014942752
-0.6258768606315425
-0.21348285823192903
-0.07182565293139488
0.5567731246062139
0.45417016984485764
0.4806133897722404
0.629951041529868
0.4636909914890948
0.41940437892945576
0.5487872124499633
0.5026794805037748
0.08239227330215156
-0.2790267667685032
-0.15576317175592458
-0.6152688514528925
0.1620087329480202
-0.3852491180840723
-0.20865376126548946
-0.758716655977623
-0.3851005624412079
-0.5780126601903921
-0.9248716012083726
-0.3458981679529261
-1.3807189124843906
-2.012056651177334
-1.3248965050390538
-2.2639353936561157
-1.5270086991509977
-1.591138789796242
-2.3783267331083633
-2.3423753405784704
-2.3750264570127606
-2.2573041035727135
-1.6364324661365808
-0.7405499684751571
-0.2865465549756904
-0.9740775042159044
-0.8646929906224993
-1.539404333639986
-1.8960562758535886
-0.9510944804823239
-2.172354464400406
-1.5291550761336545
-0.9572129354937139
-0.1590309632512918
-0.6770643766031005
-0.969370209345814
-0.9041413790422993
-1.389725065538368
-1.4049478298408118
-1.1535769344209892
-0.78472257117551
-0.9913262919241759
-0.30788537121803533
-0.402398928245763
-0.2677893412615865
-0.4889042827826147
-0.07345041732668688
0.3755175330772385
0.3896590343540661
-0.09843623310167206
-0.09189124521797289
-0.20836232997861967
-0.25792944642143095
0.045835040713819296
-0.014684498246934304
-2.132021784188443
-2.1451854345368195
-0.9795935993810474
-0.5817753563263239
-0.4766535233756656
-0.30811967641809856
0.08390244291145998
0.040028242137911146
0.148051698060011
0.2972294923300321
0.23201790815801943
-0.8438318811585108
-1.4555370798699707
-0.44869861499304026
-0.22168337967958868
-0.9126121283130588
-0.9796887825640528
-1.0191988274747288
-2.2783664657640395
-2.201433571871392
-0.9860964527159813
-1.4409825241544791
-1.0004874120352703
-0.7580759712684559
-0.6263751546719811
-0.28946437214729465
0.23033589330966034
-0.34046562472093234
-0.5976812684841671
-1.2699113964313011
-0.6088199659792467
-0.975524364213207
-0.16481895519826206
-0.26012020005570724
-0.9944558525709704
-0.014344790891376236
-0.7926598182049885
-0.4512509347653846
0.21212087074529007
-1.0129166594759886
-0.9119247839830288
-0.8263459686747846
-0.39535513755078294
-0.6769042705050254
-1.4778570343953392
-0.6138236718579293
-0.6706800151013501
-0.6937591872624035
-0.8911632585955094
-0.5073424777633208
-1.4250774178778167
-1.9272394535183048
-2.2824071024780355
-0.7729085698507877
-0.526780035431886
-0.01110744679511728
0.4985994461557922
-0.20173467787923147
-1.1193205692217252
-2.1762282141707945
-2.12774392406932
-2.769867579702813
-1.699976996841236
-1.800132686259968
-1.5385986361514201
-1.6952560422796943
-0.9366998993721672
-1.8709136155198
-0.8740704677845882
-1.9283764679173796
-1.8390467385158964
-0.5444474183404869
-0.0936615237386676
-0.22418849566244056
-0.4134043868962007
0.03328232954555266
-0.737070298722837
-0.5220625636532791
-0.5491804011633189
-0.6190058784777589
-1.0340915224718235
-0.9066805725705323
-2.1433477746187046
-2.184245274426468
-2.3268648742043494
-2.3908441323508267
-1.8695071210614758
-0.9840783405651716
-0.8538530106183978
-0.6678227385989427
-1.0775363754436706
-0.7457415737965275
-0.35525672476214937
0.10140249616357175
-0.8833272236593862
-1.3055729907170883
-1.9541666467233954
-2.2635101378635825
-1.2266675175326234
-1.496988049565709
-2.0013118907858543
-1.6181257510519431
-2.086559000163679
-2.269487257787371
-2.1133111521818075
-1.9006548706740805
-1.492559068716643
-1.850116811254437
-2.4745874607343636
-2.2946877959546597
-1.3115765961460335
-0.9446401041782013
-0.7263524169700033
-0.8895189930103123
-1.7249022700228338
-0.45036215690083736
-0.05798399116282892
0.08862517199979915
-0.014478954176725916
0.07202231040020374
0.0037304651766493476
0.387606161557092
-0.2339646279091915
0.19456352644114724
0.234516867983641
0.38675020814292044
0.5365279134726094
0.6477340093767768
0.615804197059841
0.506579328122543
0.48242937979252537
-0.3545581635177478
0.10239171430370698
-0.39487429218484654
0.36079045899090556
-0.18914700682247995
-0.0857482383157732
0.09536583274388913
0.36564785617816953
0.3232830025565394
-0.08823241604773258
-0.17276939920031523
-0.8319234622635785
-0.2462807545796007
0.3816825275415556
0.025494002863644234
0.16707701358701776
-0.09016870303286152
0.2878186483316133
0.6130493645991215
0.4887637384121016
0.5379149904960934
0.5257962205415729
0.5435528341517338
0.6235724861841212
0.14308124142741285
0.4683099320987899
0.5440053890446305
0.3887866844556489
-0.6269819921943657
-1.1634628632873094
-1.7920073904256393
-0.5836688929417921
-0.8365882665214177
-0.459524974007907
0.047097610718036254
0.28200969383326885
0.1521028671942188
0.4314599041330317
0.25414407340824907
0.6778125105958045
0.7118083184142309
0.37460547826520263
0.6442301246328421
0.3084664872650225
0.34554631696742166
0.6253240674519538
0.8562388979072679
0.6729327180959038
0.5214611091779151
0.6237243814856962
-0.5331655244442702
-0.21437548886348304
0.36727244789229035
0.465426934057258
0.37770009819498124
0.3335392707376274
0.025238724661971898
0.12351436111921435
-0.03118711113510892
0.23266264530304234
0.18517957423070688
0.5532043284338524
0.7090520363560338
-0.19742264991661126
0.4403293944245295
-1.1411757309401513
-0.4039851659329513
0.2143674822574519
0.5098719297310388
0.5091254612262722
0.6193481887536384
0.46304593020142215
-0.18227546657288107
0.2721445794717694
0.8570463873722087
0.7399273664917212
0.7720128365692533
-0.3239010536887868
-0.7876034430549902
-1.861977985517651
-2.030080490086747
-0.4054292666997388
0.007346660824066537
0.37609081190290206
-0.8176303373492224
-2.1810637292052624
-1.7631033581818227
-0.6591019640767326
-0.4348422189418291
-0.5845854608639944
-0.38775696352402794
-0.8367812588797822
-0.23892852058952732
0.420266473215942
0.017789633689458816
0.36711041007097756
0.3363983360803106
0.18300306857038423
0.26892111253327633
0.2603162952597464
0.3676343869679111
0.4005988175683285
0.25633022323331095
0.6584671984801852
0.6266741662456569
0.4985665996577366
0.5916368979112019
-0.018821372954075915
0.05689450856448993
0.16741621915811739
-1.1860121431769217
-1.7061668845810807
-2.4800904421910297
-2.640385910221352
-0.9316657630188249
0.10049864322753321
0.46330978936624434
0.6860279399095819
0.6180557211847959
0.40835023114968705
0.41000298777236877
0.567475979923002
0.46579473483904316
0.42920622475598375
0.42295224280843113
-0.07085901604452491
-0.33641269328336165
-1.3014919410526038
-1.761098875431996
-1.8243011731393408
-2.089976182227179
-1.495900314043414
-0.9784613256353517
-0.8197227039619229
-1.9339774799585963
-0.9845972261769069
0.038410955997261444
0.4658204308843849
0.72446494841728
0.302431464516592
0.20853139964458972
0.1791405050539575
0.03310377726564408
0.04149125390443397
0.21841745337873
0.4847000800327103
0.42181502865739934
0.5469897435990615
0.1553714821470991
-0.38543076732313725
0.5289385730351394
0.5313721596121508
0.5843865942468808
0.9315644148251832
1.0413158991874765
0.8223701029019097
0.7147671870264355
0.8927999594100633
1.1677541071101
1.0469710122892373
1.1852274210811897
1.2676160825474854
1.315297943144619
1.3658906478999575
1.022626674819066
1.312691754657405
1.390128617088626
1.3133440001367818
1.0617073019846424
1.151453510745385
1.341835816489395
1.0069358764306535
1.6385521655926656
1.3384911956219254
1.3906697272890478
1.168441678374479
1.3915661448432202
1.3759187184140371
1.426595322697805
1.5466741619762967
1.4153841769754534
1.4507046318989372
1.181616970828233
1.026645605833735
0.24739212445741662
-1.6112333383977886
-2.3063634072352506
-2.2415269763987133
-2.491784281952537
0.1323630118684061
0.7235030130352954
0.7115503853648817
0.2823346007610182
0.5236131087363018
0.4069632181089813
0.518403019677126
0.6258544627599605
0.04927233471527437
0.1561176587607979
-0.18947104705414775
0.061363405620367996
0.29649844043812285
-0.11393552373843267
-0.45806313055217585
-0.19250099341898685
0.7347457038114463
0.513237115130044
0.24199054076921853
0.5055813745290664
0.27903816633261036
0.6746999048389823
1.007124261657897
1.033207282268046
1.1078525642367731
0.640367084830465
0.8756422418742262
1.4175244646357164
1.1449422184651947
1.004783328155707
0.535797698965714
0.6860283936409969
0.9811348453966993
0.7737148573117826
0.7344251281297887
0.9784910552783863
1.120444524372136
1.0735568489747167
0.9398815163351124
1.0822852786645736
0.7700838688972979
0.7241241367754844
0.9702997742296378
-1.6441257136174008
-1.6229213268174982
-1.3041228871474964
-0.03925561538668784
-1.0532500696738112
0.3558748346967602
0.2977211721460925
0.5172749789874559
0.8514854742873886
0.8621921005150135
1.000101226678325
1.2351257558728141
1.1962843595457557
1.0124576111727182
0.45654616344656856
0.4901707590638164
-0.8026943891415147
-1.723913516350826
-2.2768963683585226
-2.0431957304013597
0.09157129119531968
-2.022554778042578
-1.8457102031445716
-0.5869584886379065
-0.5122770929329633
-1.9466135957725488
-2.5689235061255573
-2.26092592811011
-1.0019335118327195
-0.5605958997246412
-0.010074032387587837
0.19230174107223585
-0.3603327240415039
-0.6200271320936536
-0.8504676490527677
0.07344561730368895
0.41547222731544553
0.5556452607765328
0.6448791421908479
0.7006871920436171
0.7280157772396998
0.8037510722436798
0.83858665245151
0.1624160858288743
0.38891958135770777
-0.2268329809404891
0.23165700848997328
0.5498411337580803
0.2453547973888341
0.47439346690803447
0.7301266491075133
0.8575705080062617
0.19115448056007173
1.015254038091015
0.7388395488054385
0.9113351306636708
0.4555764848324096
0.346566140387252
0.35094008233587337
0.3774681793525658
0.25892407822554353
-1.4698540098247752
-0.9061118932536303
-2.0272574255150335
-2.314540319131712
-1.0135311760852208
-0.510581522285673
-0.3451166006333642
-2.0698737202461874
-0.6503194747120328
-1.1091582675345784
-2.3054043294998485
-0.1412689842529876
0.07563614942285585
-0.21651870721462604
-0.05856810197390196
-0.7532840714007963
-0.7912313132118923
0.07995711634358962
-1.0671372883071746
-1.5824151507107564
-1.9678867638094544
-1.7074867487418186
-1.9126909367402618
-0.21307449637624976
-2.4496782628735434
-0.6193199606360277
-1.7368722586100707
-1.7389141069179865
0.08009774781710262
1.1735939017980708
0.9651139949714572
1.177913113716088
1.2342378057261612
0.8667537933053235
-0.35102664424613345
-1.1532368367844104
-0.32527100004900744
0.19164745451033424
0.7856836413973446
0.7945612816848694
-1.3322017635901007
-0.04578665066436226
0.5332135765483144
0.7122406091975737
0.8811010296153945
1.0444853021444873
0.9017071298305758
1.192750668365493
0.9237800304495651
1.2759322019945876
0.9306821745523447
0.8964847074054391
0.6939122008000103
0.7756491954441523
-0.6251249206417981
-0.23622573724341694
0.45693890394596903
1.0605915417286997
0.3629069564131351
-0.38887410580636655
-2.658618262553527
-0.9233161675749343
-0.29251412853693287
-0.7357616110255516
0.4277831159457304
0.7654308729439552
0.3571853513376988
0.12152734932203604
0.11444356565335434
0.06251883708855638
-0.835233544224618
0.06666663982600284
0.5234306840789118
0.8716627042365916
0.5078512785290762
0.5757262638912549
0.6634327195238869
0.6909823055434702
0.46230683997312305
-0.4093883588707518
-0.16735254879073552
-1.0926105409929234
-2.1073018260174567
-2.451787257988577
-0.7009391043226508
-2.21995066852915
-0.26057491005264394
0.46958240437431503
0.6883051337643851
0.571257033805753
0.4155317796123669
0.5824182412994251
-0.09034026877069097
0.48640373118295205
0.9316032782816203
0.4530622806115703
-1.3185412394635656
-0.2471632507517583
0.27638318356283625
0.009789381088144575
-2.0261678283542857
-0.402134513669469
-1.507641089288036
-0.26520722164117067
0.4734498422260208
0.959372840382596
0.9803499081706845
0.639784617375175
-1.3406319047551796
-0.26656045928818983
0.5249793648255376
-0.12263360926655058
-1.948349622953011
-0.22917727593064857
-0.14093241749703614
-1.2510821828763001
0.3244089074190692
0.26153382330850056
-1.5638352694724589
-2.186888700307004
-2.652972685109494
-2.034473471070483
-0.9947209705201004
-1.0543115188533632
-0.6264989745644467
-0.4921452013414712
-0.46875621075012686
-0.7094918753751427
-0.6976499548247627
-0.06426428294801716
-0.8815876031005394
0.4989680914624791
0.09662201463974669
0.4792418707188632
0.4853185435609123
0.08146651278067062
-0.3347303983152659
0.11669508457794828
-0.48377571964753247
-1.5677016610659984
-0.0304391506142735
-0.356910469298244
-0.5129798030376097
-0.10939105874605703
-0.8946782405641865
-0.24880173916206264
0.11136177244087841
0.5769137539668858
0.728452538351398
0.9143998052478124
0.6056815728870062
0.7145170535003859
0.17068746500202192
-0.16821760470522767
0.08610783704505372
-0.13033830065068033
-0.028996297901087546
0.35069848263039644
0.3767920958325934
0.27653138993642273
-0.2548370759082502
-0.08365401227348832
-1.5657969229148712
-2.3958112854243656
-2.355056661099163
-2.4334253449393644
-2.5724529917528662