0.4619469558764763
0.3564881518105225
0.1377443756479351
0.3943362883066375
0.45594915965642535
0.4625406982144163
0.12010868270014975
0.22285455132843415
0.0855844337489724
0.2794054176292105
-0.3682458735569048
-0.23555464690805583
-0.3309523034297216
0.0037460409498851726
-0.21335890008041147
0.2421861384677848
0.3037631594100247
0.3590952477973066
0.40854501430728685
0.5924102170982759
0.5801352904225586
0.6151448315411859
0.9463071259569673
0.9188757921267905
1.0285881844163305
0.804356609215211
0.8234951333365883
0.5928337750586794
0.3620049096013516
0.26959484223634794
0.4047772299596659
0.823257255602339
0.4899255206187881
0.4019380448016538
0.4253964658641055
0.25572776169727424
0.5309640240226887
0.46192700584931357
0.40601075399066144
0.7373921927245048
0.689196981367712
0.9459333893693779
0.853384651098991
0.4062308397061807
0.4756644399203358
0.0715583142322024
0.2791751151515745
0.543734391864822
0.5328895592820626
0.42477978070929945
0.2701929735646576
0.21996587544841226
-0.06151048922090337
0.41715855214936287
0.26498837492964833
0.4786686643428702
0.3115107932432972
0.31246002585462057
0.7509410623194815
0.5557453420944584
0.7369138370425152
0.13611956728895144
0.04853492295021139
0.08149166947540905
0.3190431967866731
0.019306588602490387
0.0970509314937489
-0.15907944714328703
-0.6981162372758746
-0.20634210032996872
0.015658387578636686
-0.39496904478234024
0.13078804484585133
0.06417026753601017
0.546750078613497
-0.17074961167648808
0.304213657104378
0.48630665260824607
0.6825490193292737
0.6348632003467786
0.6878478347831241
0.8559736060586653
0.6982702425154643
0.43214725548451666
0.7494606903461816
0.9443848447130694
1.0649728584867655
0.9892874693657382
0.9931052943533188
1.0515274978558289
1.0814396479831523
0.9237269087755722
0.7004500758052447
0.9191174698710799
0.1974059975799299
0.20580129074734774
0.40972405966285447
0.6242978230173654
0.4943840287050648
0.5215002817585236
0.6944902574168933
0.6929508027265717
0.7363560352241126
0.7096269932933615
0.6921060900175491
1.060850604925823
1.2795994849758225
1.3220862295235225
1.2606676096898104
0.9682217140763478
0.9966200797133283
0.8285780492134971
1.0135690135944309
0.16953486720527353
-0.16575055681590406
-0.10509209449834116
0.033375130940393
-0.06327362664361436
0.0124651627615363
0.21843346765491733
0.09114522562062581
-0.013635333026730928
-0.28301923004996676
0.2164370540285924
0.2188840101427198
0.1502396104631696
0.31958914267587646
0.4769115040201682
0.4580193155361506
0.38644487450476855
0.7202475368519884
1.2433558219034984
1.1308929896512467
1.0902065725947794
1.0749720250339296
1.1770366560880021
0.8745386966695752
0.7112784881264742
1.0483563042554718
0.5372398005941106
0.7772886391626697
-1.267383591013716
-1.5828504000770671
0.1613915022020582
0.6454490231947659
-1.423758075126354
0.5219596020964063
0.13170414677521747
0.6877261044206516
-2.1868929890423807
-2.6666512226710917
-1.370059877550487
-0.8662291379132621
-2.086751010789906
-1.8298345709922075
-2.338619170669315
-2.030460504698816
-1.9637590022643077
-1.560588118994769
-2.0161882446893977
-2.473004622916382
-1.813022598677516
-0.858369114995828
-0.37731667494045834
-0.2897553807927591
0.21873115394755652
0.7705965087653864
0.6347206787240676
0.5601965007208387
0.7610676101483882
1.1109408931527605
0.7168926999316307
0.28607932093533095
0.9459561672187038
1.1335004526721495
0.8612200308610714
0.9466068665540318
1.451531561259275
0.43078026324079055
0.8370403165797778
0.6880557510863852
0.8767221613786457
1.0090084243395603
0.2798249107888755
0.7066254147629575
0.919815529297065
0.9816554880731048
0.33297037845234667
0.5819624797998104
0.3936425968418612
0.7037911179671911
0.8992406267852577
0.8530104976224877
0.4594662063505578
0.5768080078850456
0.28652809697324866
0.20917867716343824
0.30976488111302
-0.952780466033637
0.23317340255089292
-0.31265138498268535
0.2062803043919593
0.10948881281239976
-0.07584422346685979
-0.1779427370023323
0.07635272942225273
-0.3641204865797098
-0.09774296553139185
-0.677964415771892
-0.9443348532882273
-2.384127673631618
-1.2695091763319164
-0.45078618056564246
0.00039630669346569353
-0.37422933040587086
0.2472153381342165
0.4230661861678104
0.40381767854223777
0.602995587630144
0.42882110374241755
0.6311080414021276
0.7024217405340243
0.05404489830721219
-2.5851709857460787
-0.7184618764065409
0.9387122984161863
0.12423217670139042
0.6360865675048288
0.4887361433898434
0.2846237223269677
-0.017945696241117155
-1.2006123924059693
-2.1018421272065346
-1.947562228440943
-1.0751969609560386
-0.8938010919560094
-0.719246434242068
-0.03677538168363261
-0.15115741131933816
-0.04949203356671228
0.33356801349832077
0.37863276713716204
-0.8196103244856665
-2.2644058754215646
-2.23546174019044
-1.4891011475518643
-1.270488127376513
-0.9951484332910293
-0.9805460801444131
-0.3896684042918221
0.3793775271148214
0.6026433775094031
0.049477350780762236
0.27998884886919184
-1.0765034222182588
-0.35227943091584424
0.07217362650708264
0.6116129498337829
-0.5004363114472505
0.3145156068234209
0.2738224497338779
0.3176929418866724
0.5845150768032943
0.1580637161314162
-0.1617618347358806
0.8762511611237125
0.9475513011980717
0.38640643976505906
0.32416990613291086
-0.34399004266820005
0.2403102687626685
-0.48738754407510426
-0.15477597667027182
-0.1648852091913367
-0.4066249529452518
-1.1097411490611828
-0.05960870759536159
-0.766164387442533
-1.217556039158143
-1.4253985997130245
-0.9106917526099803
-1.4438711133508941
-1.2680534438597582
-1.399785086999132
-1.13863358657225
-1.2207422089717828
-0.9931777545830021
-0.3687397132908047
0.16481238828054753
-1.446941627492072
-0.795264078660732
-1.0809085745277616
-0.12504552914089528
0.5790747007458382
-0.10452988470704234
0.18907849585540787
0.18451495197581289
0.5124617249031644
0.5991504093446748
0.6531791570212541
0.20749220998992243
0.6259422041160446
-0.06813654283730675
-0.8911289336928029
-1.5871951446996346
-2.67019404304961
-1.171653888555212
-2.7739458452560894
-0.2892914146349809
-2.6571595226192657
-1.6845192174910715
-0.5263707278758605
-0.8980991467405112
-0.22852446015896294
0.13966422540497134
0.1349035577027048
0.3212619817352122
0.5503611939015598
0.4375780005464108
0.02362597191495023
0.1720520818505902
0.3472464429320286
0.5425571042736418
0.6971556642099771
0.8900472212433893
0.460812937564285
-2.5769210877696156
-0.26267939494153425
0.611440886967673
-2.6790633118649163
0.1088081957790014
0.4303908403220482
0.2324425409166511
0.15513310129331565
-0.18903390159906053
-0.06803109032047149
0.13250042290408223
0.31265845697302025
0.587651334497344
0.408393536240593
0.4491188031197535
0.01434495077687358
0.5464685949770562
0.9646964834694853
0.4078708496282209
0.6849409692025188
0.6936992408019054
0.4949480276287291
0.45559432478119893
0.3988842493315451
0.40409000394241484
0.17148943694812926
0.4032876467032828
0.6160553370455936
-0.6614239108051881
-0.38763320276240065
0.37209174785466914
-0.1857678984129075
0.02303696436648329
0.9886479093947582
1.4221937170574908
-0.393296639990925
0.13710255908277175
0.7030946753177979
0.37408593419005076
0.9789102860205411
0.8278091245959367
0.4834297668212494
0.2250174354637986
0.7987124571571815
1.614210869586826
0.19512324396384984
0.3388497474325658
0.6059948084413636
0.7195941964445945
0.9865727877813695
0.8234104790991402
1.172781880272776
0.9129455416558341
0.2544575485322939
0.022658625756182275
0.38774088839527987
0.5254689510514345
0.8787200747667689
0.6736784486491532
0.34200311095654107
0.4887117083056842
0.877668770516718
0.642694285572539
0.6829241232761243
0.5489523335474669
0.2543446391656367
0.5244481222658527
0.37612065724960153
0.5691337304705704
-0.3580443898773478
0.22626842986826104
0.3589132710626235
0.6616651615107169
0.5169801697293076
0.24130086935413422
-0.4870523665530845
-0.21196104647597871
0.29758118135331574
0.5219362557108723
-0.19066546854254288
-0.01842273464708049
-0.01333046483887275
-0.39890359506299666
-1.7242713598773076
-1.2013095567654783
-0.44396059054621945
0.02954622991491524
0.3486019529301878
-0.0350708379938476
-0.4701173542446715
-0.417227967544652
-0.18907479675492495
-0.09553713477416202
-1.6906523513493936
-0.5749413553440358
0.04228935178608512
0.06750336385485142
-1.2569419155696797
-1.1503527930556503
-1.1315443079340401
-0.9914974717067853
-0.6406703849653135
-0.8300089827801497
-1.3173875080703734
-1.8276094334061768
-2.231556667855654
-1.7802370754838879
-0.7479494625840641
-0.19926547827962762
0.12087889665573959
-0.1900503804375177
-0.4266747940501023
-1.1664047420662766
-0.8711690792199578
-0.19512935509482426
-0.8018365749607085
-0.6340322187799909
-0.2917282715718646
0.26037555199861934
0.2679352200109857
0.16761361378053416
-0.700257828935061
-0.23105656181805356
0.3703109243525273
0.8778519191324919
0.8691165551438303
0.8081599395483842
0.5526780521736248
0.5945322806262725
0.6885739120048977
0.3878762376473742
0.7605411084811665
0.4911328898195211
0.21381217348440573
-0.9075405486661998
-1.8988149156197887
-1.3616477143252668
-1.4234704581327902
-1.6874991990204993
-0.880299109706741
-0.28213834875335797
-0.8785479891100089
-0.6410114082184915
-0.842084721812319
-0.8632376767528875
-2.448965498873171
-1.5395867232975984
-0.8267843988507166
-0.16997503113776777
-0.5882215971136409
-1.6261749796112006
-1.4446464565140569
-1.4709070904867023
-2.214786203633648
-2.0699568426433403
-1.7234043595754611
-1.9791381165009616
-2.1351244831098866
-1.2938265843210168
-0.07275940088033447
0.09188236039932121
-0.04382523672859342
-0.26420208322788463
0.08085605836605006
-0.38963157142312244
-0.04222335166535873
0.502628026564013
0.37516597696583365
0.3173447890153281
0.5619653892738237
0.2956880404912585
0.5122049225551281
0.3608375736121141
0.3609828612232035
0.393209075520895
-0.027176062376603204
-1.9609146576036873
-0.8819491378792473
-0.6872987473488908
-0.2878167075320539
-0.2624929375852336
-1.193180570072276
-0.6270174510322384
0.051643774140309295
-0.32166127282851864
0.38836620284786527
0.7664248638838203
-0.35126356980114143
0.6978940103663914
0.6757607524924627
1.0434638692396312
1.3289310857769117
1.1006238877341576
1.0815645495677992
0.6869809416587171
0.964913809669186
0.43486823882194126
-0.2981779158771132
-1.5015118999303765
-0.5391279674529064
0.1302772530404129
0.6252470415425105
-1.611899259269177
-0.6256489846571337
-0.1787563394134956
0.08108840508133512
0.4036935552677896
0.37035135972362
-1.803815471370292
-2.6274593434913247
-0.43871469878452707
-1.6173931840206544
-1.0992219035963988
-2.101111793728912
-2.597837589250922
-0.9848811847090219
-0.3859067631254049
-0.8442805413740366
-0.23997120368211056
0.27649579951296493
0.1958091695274716
0.15767211828207742
0.3611594223275999
0.367610209601154
-1.4081864153026902
-0.6051549137694608
-0.1613116288081496
-0.38325858201812996
-0.7034161812558998
-2.166613507790168
-2.319329013610382
-1.7933419980497758
-1.0499482912441784
-0.6191869026405667
-0.08339306800705114
-0.1280101699328337
-1.7490344611086244
-1.286168209187167
-0.29545310879179776
-0.0144362936448646
0.13052560673198663
0.2953843146282203
-0.23099924361140273
-0.9842477816227184
-0.7273449022649153
0.1950197063394311
0.4550336046443964
0.25971210990852955
0.4186433861440035
-0.14484959290706143
0.308578552280364
0.14232577453600867
-0.00958029892807067
-0.07930419076057144
-0.28306016537241985
-1.7573839404763065
-1.6719428280196222
-2.176143442717803
-2.193775261665985
-1.3080715237179807
-0.6461997543571218
-1.734770823354146
-1.881627522162781
-1.3023701030740793
-1.7057279537630474
-1.8279906114452669
-1.9158664611375724
-2.057813830463474
-1.508125632450087
-0.14001026183057436
-0.47442239401088326
-0.45412753849602455
-0.23271289550567056
-0.9831940987185687
0.3067695108175279
0.008632963074738926
0.2867488465173031
0.9340103125445194
1.0750323195553884
0.44203704698627777
-0.23549440452226494
-1.090499762534928
-0.5119748455010733
0.0871642937477932
0.36359011070494074
0.16163228521588616
-0.41392510230112917
-1.5288383489797588
-2.46856964531224
-0.8562426942744806
-1.2002894854178598
-1.2077771697132795
-0.8200977775802004
-1.7162736590378083
-2.202588826067537
-2.5636534594584304
-1.33444928082131
-0.7747747124921762
-0.8461275481842994
-1.714022331599654
-1.3765435872678906
-2.167280467398205
-2.236598982960893
-2.4952889412231154
-1.4190518045010414
-1.4102052649237304
-1.8954658298424165
-1.909033197303566
-1.924864431494475
-0.79053180298226
0.14763354053102418
0.3742799427657054
0.15985888420829736
0.18622137523923105
0.196547891376299
0.1280945862389346
0.16298100913398927
0.2438199279635098
-0.7130094260822443
-2.879089268794152
-1.3895221942955955
-0.5894727191684684
-1.046836262757184
-0.6653867224749287
-0.731593677627102
-0.367976800093724
-0.6929516821498766
-1.4515482108985909
-1.4299303403770167
-2.0376373618210404
-2.2307388441106624
-2.237385025972454
-1.8804746327847373
-0.7774431894948314
-0.6852958659167813
0.09831964430473777
0.005479543110775906
0.10255387685196864
0.37068065846927073
-0.7306426273907578
-0.27643182715171005
-0.31877480611118936
0.31812802837440235
-0.10429142026080714
0.54275432031114
-0.10036491987624009
0.47579511787603673
0.5487233949176143
-0.14104520117525185
0.24842084153109595
0.3347302290280215
0.357494183865622
-0.46940821478868444
-0.08104560689090452
0.2255477278779516
0.2726666753310956
0.30980298917885396
0.255072334544857
0.17908273206745387
-0.3898314332324424
-0.37008840446270685
-0.4771165647368391
-0.08980451449863527
-0.057488242954941655
0.40457650143171525
0.49538045022243193
-0.32674917771653306
-0.5203148395517246
-1.8850201050049131
-0.16186296226913377
-0.42682725794991655
0.12527581544845354
-0.08512487352777447
-0.08784571398393218
-0.8826913280153735
-0.961321831159519
-1.0139106117498466
-0.4324376298155507
-0.6003684455483541
-0.11771711937358612
0.12968748885371922
0.38224678905299797
0.27560722361096823
0.2709934772792744
0.19206490259871603
0.026319380489764038
0.13688759666085468
-0.11220158505630791
0.3632120208483354
0.3333605788725128
0.44284387958748184
0.12631248274293863
-0.055393951297434005
0.24992210509648255
0.37957001586805944
0.11834647425965059
0.10677780454723948
-0.015055723306844643
0.2649544567032719
-0.23359595861351012
-0.02655520570914783
0.1683196447014145
0.13847484582293754
-1.094447836675083
-0.7258731827452395
-0.4937119947438448
-0.29798090509422626
-0.3384068928774259
-0.04269984238925887
0.01284937809893813
-0.05309070038519933
-0.02895337443839353
-0.5952555674779514
-0.6701638930257163
-0.3011044011323121
-1.2662614120539568
-0.552064614811085
0.3680321836003437
0.23440387354759668
-0.27426011736972694
-0.7413264720448148
-1.388827166440993
-0.5793556435736952
-0.10427753913047333
0.11191283005961804
-0.412902299396572
0.0023752685212523905
-0.6151051701990304
-2.46701144190563
-1.6081680183552498
-0.7885720299430969
-0.013074269168413507
-0.2239517355990067
0.27527241900667254
0.10620450925438045
-0.3840101141368638
-0.12864202072032088
-0.08297191830796648
0.19253477860910867
0.08450885686048272
-0.7564461897686867
-1.3375937012566796
-0.43900017704611743
-0.5424992599913006
0.07328715241253465
-0.027304789703346072
-0.3441122917906229
-0.17655545984713716
-0.1862493767647236
-2.1995224183777595
-2.6914940905766236
-1.3790929615359293
-0.13354179582486664
0.05921177908956486
-0.4043088795922348
0.10705552907305985
0.3409483990147327
0.450331010535574
0.09401876908119969
-0.336151493603918
-0.4087524586115706
-0.24996358055786227
-0.7013108247124483
-2.1244316149496614
-1.101846599916551
-1.023079354490113
-0.9254486995642409
-1.9255418425562185
-1.8004361101563209
-1.8811894569741565
-2.069924701010515
-2.3445167663967617
-1.1666464134873267
-0.3045066677174273
0.0646478607226786
0.23755438774514145
0.17526555280136055
0.23153992139364585
0.2297531696122131
-0.8973526224292985
-0.5516730538043099
-0.31303613139477976
-0.054062504856681744
-0.4243418272234094
-1.784405551391139
-0.637103474930846
0.024806923391998647
0.1395119419629545
0.47882157809395465
0.500675153082265
0.2853000885659932
0.4717787593103949
0.6336037385611504
0.9649099931075071
0.8704846543644735
0.35767399429425395
0.6225266973066714
0.7163900316027928
0.8827516559940675
0.02483506022551693
0.2695309877771009
0.3758786236901385
0.41278513199390116
0.3959780601505013
0.27961188703117196
0.028482045245837667
0.46461268038738185
0.4587002043456281
0.05700485079017878
0.4330292136539529
-0.1996891560336641
0.19573946660448224
0.1862337745684214
-0.1285562472779753
0.39479304842345264
0.5436775878722062
0.5016981314889374
0.03712571773713657
-0.4411775763663509
-0.14137345527857342
-0.6088907082629517
-1.8453073031242937
-2.0959017980917
-1.1938728813861128
-1.4053083672752762
-2.169507407386479
-2.558020554671008
-0.9552813457356114
-0.14130223295760924
-0.6382431853953124
0.07186360262029655
0.285383732591361
0.17344385792394915
0.1870593058483661
-0.857241246947893
-0.8986781292907302
-0.4187463445476631
-0.1429267579699364
-0.17126844766999097
-0.19368784320142363
-0.21206703857193535
0.12031760231252693
0.07027685402746225
-0.7187451722060045
-1.9704630608265288
-0.9119009440451324
0.3243047402641156
-0.060653324339442635
0.1612741236309058
0.2533402710770809
0.6402322709570571
0.03649753547479641
-1.0958365573421045
-0.37007925596659663
-0.05109106457604793
-1.2411873599094052
-0.360367173495014
0.1894154774071704
-0.16497716444886756
0.29887285192696533
0.05309088000756706
0.18926300828373444
0.14453320063116876
0.19512991966024967
0.033805806534815803
-0.13325423389675528
0.2950936599220144
-0.09776149618869873
0.08199293847429727
0.01153451552161978
0.055583064573275894
0.07424093851716582
-1.8827787534013034
-2.1983441176981193
-2.703711164439788
-1.2271882553114215
-1.4507940433971491
-0.3499753810804361
-0.31641357529508385
0.23248991514028988
0.020782123756691282
0.033013737796775834
-0.15128133790018689
0.12902622621297732
0.09552606776560882
0.14052571616604748
-0.9076667132080046
-0.7438331675036381
-0.6175541147979937
-0.9909961557551134
-2.2905500396751344
-0.9928368621051552
-0.27801836171075256
-1.0310131808133887
-0.7071950208484732
-2.1406341768916346
-2.5636436935420988
-1.689361454982974
-0.5620597397117582
-0.5069598552136604
-0.17746081658019472
-0.5658010106763873
-0.3680034809631604
-0.2397553600226249
0.05459860221853497
0.2381684017617319
0.36274929817411644
-0.8170946633749228
-0.1356445759194878
0.308819821724678
0.3390171133825209
0.35825983896667335
-0.09131573371136681
-0.48430532294767203
-0.7265939747106049
-0.7345379724052585
-0.6627511704219954
-0.3240249049258662
-0.3042978188721912
-0.6772034466402744
-0.2863709473565138
-0.22870075274916976
0.20387632742296777
0.7341306192300715
0.6884611434213319
0.6144803720803712
0.4010217662831298
0.6776591428555683
0.5042005145470738
0.09692385633620801
0.24125564666106386
-0.022825065077275285
-0.8678202400966869
0.010444670962538335
0.028309352554893648
0.0009120847861240545
0.25782385125362095
0.39512093604485676
-1.2953680846652111
-1.4132099149594353
-0.18475853079797813
-1.1030103297658393
-1.5585807104170544
-0.82368554164133
-1.161235799676661
-0.9077627424846701
-0.34954174478189537
-0.21787030909407903
-0.2639870815994153
-0.4391197714308393
-0.7953896845367308
-0.48082888471855006
-1.7322818146736698
-2.094711450873658
-1.4683563707466027
-0.25545569731055984
0.1731645899917831
-0.0041339313934238755
0.16621928970036912
0.30646250565706595
0.5211586011176421
0.43027084577433317
-0.06518696360496916
-1.800801303297748
-0.4187744608958227
0.10982787343069804
0.0963083966556994
-0.006563764480095523
-0.8490137640913338
-0.36155447786853856
-0.40491717657912224
0.13098700254182954
0.20626350631829146
0.09792469331038332
0.48231173241722736
0.3872824586807607
0.334235113676415
-0.1454593555358694
-0.554510080156619
-0.467984403327048
-0.43791998077845024
0.06518413696094089
0.24355675944395305
0.4970115849419585
0.005836391356809058
0.44583302991341967
0.7402153811860046
1.2097459150202174
0.8384423139380393
1.0430210081482312
1.1395981460987208
-0.27892901795493386
0.3877694846677679
0.25667562450108566
0.4943684017937192
0.19383856905814756
0.015429723699844312
0.34174288857279794
0.017447726394078912
-0.2581576414763211
-0.3714923870594655
0.15393042628174725
-2.3157848307766384
-1.7741472988971918
-0.07669585800619123
-0.13568649494430834
0.17604408056562582
0.2800119454823827
0.47570829578868046
-1.0878088449229153
-2.6907793603252435
-0.8420840233632659
-1.7508935060609623
-1.701476941569532
-0.21253014463287281
0.4888286248089348
0.4307330275062856
0.39460768283154707
0.04374592377824097
-0.6855494085350428
-0.031221493503133448
0.20507527605827652
0.2237954325021011
0.2341319277460908
0.36456992522566106
0.6569476055128504
0.26399154929704144
-0.22018332337160793
0.2814246590127308
-0.9999261617306714
0.15251304109827388
0.16102891927341423
-0.125380380427773
-0.5829326375184084
0.5129885723512216
0.5652860077718191
0.10466947463068088
-0.6369940773548964
-1.0733532891170081
0.6505996509106264
0.9225627682876345
-0.09826548555097413
-0.2562860972431028
0.23331286029624274
0.4872598460033978
0.5702746652318647
0.5642508940452547
-0.5329724127779015
-0.5019869356657491
-0.25744220924656386
-0.15212422733194092
-1.6128161897121267
-0.1872952170928445
-0.38601865227030563
0.2749067333236538
0.1306786154481755
-0.45504781236173353
-1.0547784005212397
-0.2585015950648482
0.5930065495511689
0.509848103099044
0.5481285083932947
0.706504349511641
0.8480389044180162
-0.23026078607188294
0.2435725267442083
-0.4424709261638305
0.18119150284365942
-0.39981992300552077
0.8141523461228838
0.648028613927683
-0.5041669241017626
0.22380445860469037
0.263848764844111
0.08801854423879592
0.3156800731478632
-0.4172414843408942
0.7662066983483076
1.1560850016146822
0.17914056727250757
-0.5964980549484612
-0.6714768388652976
-0.5770914970050851
-0.16115518628115524
-0.44887226418036585
-0.032996669807066656
0.15621701594630147
0.29860873589513726
0.0148417875466106
0.06547575040384011
-0.5046607462040636
0.4155812077329444
0.1906604903262686
-0.1423748013498199
0.22364866527633798
0.03002527876052769
0.3903685056705847
-0.03376044019160667
0.880211675451769
-0.4204853660005318
-0.5658888905401201
0.04213332073882881
0.06903492749563374
0.004853625091029889
-0.1881443239291588
-0.33228936557488203
-0.16244267599233755
0.29774703125120044
0.244657588195386
0.4613560412359073
0.6535819472751226
0.2879500502319869
0.7523365605566865
0.73975454714353
1.0631759907708425
0.735876934969696
0.907713109718388
-0.48838284053377284
-0.05541189384097178
-0.4108644882134679
-0.28260500036464375
0.2358744462331997
0.3222854059759447
-0.04962812873911325
-0.5097235640766512
-1.3962979652571255
-0.35227795890738306
0.2317199412395133
0.1503717727828274
0.2716118747887652
0.6576143966105793
-0.08957039722095764
-0.1503501155989583
-0.02646463644920919
0.34506443574417917
-0.05330176900869137
0.3140938452126021
0.05332213097843622
1.1283035375146793
0.8880794267585856
1.0392345423396447
0.9036991715330485
-0.14269506448596175
-0.4457706747148444
-0.4611106728240232
-0.016292225028213033
-0.23629400489029279
0.17467295578124675
0.4617695840932431
0.9832299973737043
1.184596749710276
1.031209989322581
1.0133745531237446
0.5000696067503789
0.955260122065142
1.0625256218005728
0.8036898547111715
0.5340650996671715
0.38157027840031776
0.39029481888761913
0.38879318447575156
0.6700225971437006
-0.20200544680020865
-0.07033522482242523
0.2586977083275157
-0.40730985333788405
-0.47218758434600666
-0.6275381222949016
-0.2101977135834108
-0.8602187795570734
0.030371167802039644
0.0505121962852903
0.14650698305047555
0.30175333562385287
-0.1374351142123909
0.06054908956444454
0.19521537340173872
-0.2523752161923361
-1.2376359427567964
-1.3672480568206984
-1.1188045618198554
-0.7533901082329029
-0.4692799032584025
-0.5140002452105293
-0.6816411238257458
-0.3935241125871364
-0.5022985434782653
-0.28809227775711044
0.04550778662541215
0.33568954044571425
0.4167522485012901
-0.14669801198975876
-0.07728681464625495
-0.14611080028548784
-0.14344613185435967
-0.20275886707974777
-0.3359410292457462
0.4011345670395455
0.53239679011535
0.35724537337667583
0.38339940788109467
0.48062732928570756
0.2823859187663229
0.43482918665887305
0.4074651934972464
0.4961681206524489
0.6136641818702514
0.45523710647323606
0.4313059402164874
0.45915539052312926
0.2777650648977502
-0.33960021061770174
-0.39307897562238797
-0.07629379232874241
-0.5354573254128424
-0.29111357382342345
-0.2729202869633247
-1.6619653122342335
-1.019788427663557
-1.7136064975873326
-1.6635572977081672
-1.6436325578112843
-1.8880525128009156
-1.756241841752057
-0.3969898149596938
0.25447428327832444
0.12776412904366974
0.19386263517227845
0.11738457078250249
0.24622517657195464
0.39878933583442366
0.5463671983549306
0.24858060865321
0.21211118172190177
0.3770677556489301
-0.05680431255472489
0.09784994544965708
-0.2380157232867844
-0.3436696739223303
0.009033559976849518
0.17248772791781786
0.22704447556811214
-0.8755034617281601
-0.3332450063471146
-0.0968671860947523
0.22603615961087153
0.20211264334722534
0.14225078251789916
0.45512218656663145
0.1863823721196288
0.20528110223837534
0.4522068662879691
0.3050908815862684
0.021742644992766683
0.045366885301896545
0.35042360014074686
-0.6233944564581629
-0.2888321739183971
-0.4276021388036862
-0.13769547469927187
-0.6226681411269074
-0.4717694238167434
-0.28354189043860084
-0.868744496175363
-0.11677987453682832
-1.3126655473236573
-1.8055476659730454
-1.2548769964649686
-2.010569437263592
-1.6760369602414902
-1.573376924509369
-2.459645638016863
-2.4527282983321244
-2.3075218330766627
-2.61506738967725
-1.6611740003070112
-0.5399688799277312
0.05140406102801388
-1.2112841064281454
-0.5544840644578678
-1.3885801699285452
-2.023900916495671
-0.6023712863862
-2.1162427364082705
-1.4211516677548406
-0.7454701890287037
0.2623331567850207
-0.7359507743567267
-0.9857903286919428
-0.9430561520387479
-1.4264983998818657
-1.418531389274037
-1.3829939454226936
-0.829032103515446
-0.949772764554965
-0.3784707584081586
-0.21125642634785038
-0.23580949436427728
-0.2767861649773572
0.2377295912451715
0.6141275164964295
0.682596868197467
-0.14801944915042914
-0.12113600215918717
-0.295048902270677
-0.36763032641050825
-0.08676560256848474
-0.28566997567081853
-1.8183900970891882
-2.1869446447586776
-1.0724325173901592
-0.3178307685167585
-0.2542647161056557
-0.3873957435903805
0.2352870288767636
0.29173168670582983
0.48999518790098656
0.6012622593501048
0.28401597743486834
-1.1992820646045743
-1.5124027533855313
-0.5693167519721646
-0.1872960414538387
-0.9746428322617213
-0.8855697004799935
-1.0357824621844482
-2.139002103750941
-2.1816371947320294
-1.2855742888996278
-1.101813732127385
-0.8743134482210173
-0.8851202244440269
-0.5593388118194661
-0.17634175387888146
0.06463859610793884
-0.5136417506450549
-0.5605089833320117
-1.1208884008536926
-0.8401365499544777
-1.095616551364359
-0.06149467991961863
-0.08881000362238722
-0.6201178315572418
0.006102945667886207
-1.026868794307418
-0.34385289653569884
0.23873707753638718
-1.104287936136323
-1.2410296444557913
-0.8086441290967666
-0.39672467858120314
-0.9214428335219123
-1.7492269781032928
-1.152842317167491
-0.6431894337792116
-1.0291150920931522
-0.9999847260781048
-0.4574117946410494
-1.7901607208178423
-1.978318760710153
-2.3744444674613217
-0.611989058450894
-0.11155906265622378
0.2729666101936354
0.801458186205085
-0.19755341509618116
-0.8562218484949736
-2.3359557120863546
-2.5128359416587887
-2.9758585000779196
-1.5644381264162301
-1.626477554019035
-1.3668313306261366
-1.1150623618915736
-0.7088209274595113
-1.7225771294901766
-0.7835959624292792
-1.7801028522751077
-1.449315626621459
-0.25078831433695115
0.15383220947092857
-0.11961783430607348
-0.45755280775631907
0.19141402286109852
-0.9635006370629169
-0.5180079264767766
-0.16656688349128693
-0.2543759978758297
-1.031149120292709
-1.1216548637092896
-2.663040762799023
-2.367332493068605
-2.1829543517252
-2.1191113891386824
-1.8820634637115434
-1.1281757036968407
-0.9433920849603382
-0.7382737422825328
-1.1217201452273298
-0.7179595261838997
-0.27352935538908485
0.17743667150253234
-1.3260005783179876
-1.4409241096302063
-1.8767977776872065
-2.128869241171058
-1.0717240796060148
-1.4555070326006367
-2.1029210246254575
-1.5572386500446362
-2.0776772274236803
-2.3466033582782235
-2.1906963232842185
-1.832020189410955
-1.4887773166030918
-1.6779729786171107
-2.252435641377623
-2.1090821174733425
-1.2459338471385029
-0.656784339491998
-0.6139596852271724
-0.8450673416949203
-1.9016850835149957
-0.3433065961686677
-0.013392509487069217
0.22311904637870444
0.38532317811091543
-0.21414683016540662
0.20360671216938614
0.5619189827754133
-0.24246209631575688
0.2882568886490049
0.7968738868091421
0.5290919929902237
0.9753343047528535
0.9630552053992281
0.8899748436723907
0.505442007373167
0.6379494826438533
-0.571525180164046
0.00164908420195679
-0.8559409621299651
0.28512671376512244
-0.35291017177091516
-0.14677092012210183
0.3851089412227399
0.5724366672047595
0.4366612988090493
-0.13812878527633768
-0.2949399783036025
-1.1114789901492648
-0.44256328000547135
0.23451766264750964
-0.19813578305301524
-0.0577624280922952
-0.3830942988238735
0.1551538997893017
0.5173929556402501
0.6082548815736317
0.398146048717388
0.5507143612245594
0.46858563072442
0.49297875994968204
0.15638612522864
0.594786153322671
0.5083883623016621
0.41857692764777293
-1.1848587498297232
-1.4439563200145427
-1.6582032329072456
-0.7532828805620575
-0.9187737157984989
-0.6455377898470441
0.37685669287078033
0.34956673004201927
0.3274682304998171
0.5182426386906113
0.16553051374234992
1.0188472528962431
0.843387798359347
0.5728097523562358
0.9623107931041309
0.3800286298617637
0.39668337618322375
0.6020080162023964
1.1882362952531753
0.7620354436582235
0.39959648430753425
0.5847372778109692
-0.43278861843176136
0.10252959228462871
0.2938567789774798
0.4831097828274593
0.387169750938924
0.612366853823853
0.116060731827374
0.540902096712143
0.1937570972441615
0.24286959000192324
-0.03465280568135043
0.7824776404352576
0.90613519942326
-0.4688318939034528
0.5125337519673591
-1.401240815888397
-0.5358696787088605
0.28528625272605385
0.8938405853314897
0.8998760311583708
1.0358354000506294
0.870294844854518
-0.38892063192714543
0.22535798582889202
0.9594198936504219
1.1013383591586292
0.7176558827044619
-0.48674203853510906
-1.053139178431908
-1.9259202976980396
-2.242010138237245
-0.5673441234205696
0.7216943339548291
0.5560499291616249
-1.3174933471466792
-2.395535481469981
-1.82660017033823
-0.344291758568785
-0.2889663966020468
-0.2936755087295018
-0.17212882680050628
-0.4780159459872822
-0.049601930709174014
0.5404015550531011
0.3859944823383836
0.46509666182280823
0.3362319788568508
0.1813743241109921
0.5959124074890398
0.5733398515167452
0.43091231808489605
0.8773319847072049
1.13123391932363
1.196118728741158
1.1283193571986354
1.230403317304759
1.3768427063512356
0.13254354454693829
-0.09021000560609159
0.43900454878407735
-0.95622413606009
-1.6341105733435999
-2.5453759850784463
-2.932645578261241
-0.8828958008067028
0.05694189952056979
0.5385829057203654
0.7513517660150822
0.7099320517630822
0.5085550440674871
0.6618220816451404
1.0241007786098824
0.8816372819000495
0.8482654027171982
0.4761363408797894
0.32018968605838793
-0.0752956205391369
-1.362697363672298
-1.8513695099884144
-2.027770728584328
-1.9192105708908853
-1.1207022181075545
-0.9112772412378668
-0.6592493526571
-1.7401019578584023
-0.9966265989582533
-0.2644895390359821
0.6537958293001441
0.8370407824871787
0.6959325866532188
0.1573555177248517
0.10836746195847255
-0.0071857118102575165
0.029936782774878684
0.3028758992217471
0.7394968221575158
0.7320582749029079
0.9074072640294099
0.298279193251442
-0.40181376209683234
0.8017937527351843
0.9196120708601477
1.0089713941773206
1.309485646379306
1.3588182738124448
1.2569651134421984
1.2653270579112543
1.3034270185324772
1.4417733890630582
1.4909307181154738
1.6264441548296829
1.5675038220120996
1.7792047678254437
1.6308670123530382
1.5959128440525339
1.5516981454778562
1.7654201058056163
1.6511244250991925
1.2999349728286675
1.3714700156830135
1.5675710945182066
1.1574022302801137
1.6929945870023624
1.5915412845103623
1.370560525824137
1.4053507646786756
1.510000592786036
1.5605795053363132
1.65405581013624
1.5501830760400144
1.3896804699448688
1.5973445197780467
1.106491675307586
0.957810179310457
-0.3224101857629591
-1.617764101929901
-2.7224304180392522
-2.000829518898642
-2.773671272160052
0.1608382065877969
0.5203737159524544
0.7381016338505835
0.22605514308732913
0.5515379185369859
0.660400269909812
0.7660642716828352
0.8741216880261039
0.4513578446495826
0.21111564209151631
0.20125027519902705
0.016640433584153104
0.2978682837507262
-0.2952192994426391
-0.4768907577119287
-0.1763005648569118
0.72284499614321
1.045131748073868
0.40423614831191435
0.5152662352547207
0.4125076751014237
0.8771844733250935
0.918556998855666
1.0501262281191337
1.3208782691943326
0.3697915263592608
0.9958099711878619
1.4416419540071606
1.509043370202947
1.2992902103890562
0.7927184105666055
0.7777218276082984
0.8958506605867874
0.8786629990250513
1.096937213305901
0.9186655282884174
1.3320521512868837
1.3734460540912836
1.1434421580982275
1.212769272442431
0.5744107245592629
0.671330304469639
1.0180806835974403
-1.7196686420695335
-1.4908252490006366
-0.9696669703254325
-0.06623142583255755
-0.5788967729594149
0.3594710589475532
0.614069569547387
0.29945341431705447
1.0174448787158734
1.007385926843686
1.0216548013523081
1.4007207944231848
1.4823012727382157
1.0467068461932216
0.443077218652859
0.3256549868107471
-0.9202230644863628
-1.6588622044549821
-2.4377533844658608
-2.1045008638748843
0.23741886104138182
-2.0836913753054485
-2.0876492684921804
-1.0017802364767283
-0.5662381681181279
-1.7549123339162243
-2.795854889718618
-2.3525257437134153
-1.3198745180101912
-0.8105977680406177
0.3026506669671105
0.020006430746039985
-0.21692249812432127
-0.4951196580804211
-0.7532328903443528
0.034033110635679244
0.4246887157820678
0.749175845264453
0.8276520597021888
1.047742396354751
1.0454085781227564
1.1043390388189713
1.1685698264224635
0.38031952940519426
0.48211778056072724
-0.5504303537939246
0.21444974979099274
0.5707964774724903
0.34426288396941934
0.44575271175122666
1.0659693261006429
0.7149146539891212
0.4000277708390282
1.0653894886765165
1.0803002069547893
1.0011176721534756
0.25772472870071295
0.281601459450057
0.25121191360433986
0.24072716181370954
0.0005264433622329162
-1.226829128935259
-1.0054428384302734
-1.7111720865482503
-2.0524023194584085
-1.0627425224218572
-0.653607740132566
-0.463855570363739
-2.2340036659675553
-0.779961821519049
-1.2340197335305048
-2.4446481607783404
0.0011746805236807238
0.27566971894209147
-0.09287247015782872
0.05329069467106113
-0.7764743964494519
-0.9045362356834576
0.45572992451168215
-0.9940331080585042
-1.4058506060798308
-1.9044513503324472
-1.4295066613238987
-1.6130856907813504
-0.11543688147535738
-2.5401824612103137
-0.8491039574674184
-1.6990878739947664
-1.666414770927241
0.16926722888201734
1.0534103822213428
1.4980995000748265
1.3822257876801425
1.3056909778759263
0.5912940914837351
-0.0796592280606111
-0.8487642927229011
-0.46774048535267027
0.23390142730201932
0.762533769003759
1.0655664835585896
-1.060919700715815
-0.2976097967564488
0.49442966610424527
0.7460212737347384
1.1465479942229226
1.2207104039368184
1.028098004543572
1.5833943529879553
0.9322826232580544
1.4470796067250493
0.8300496435724255
0.7110884401703955
0.7763875673381628
0.7952375050001633
-0.61516478607974
-0.3597096381813244
0.3653856843782178
1.0882611655982235
0.5253535710647304
-0.7522189582456315
-2.7344451350051946
-1.1000308970236201
0.08782945134119191
-0.6231413419258832
1.1427909483186038
1.1702420098939084
0.7752175917385848
0.3116485245984704
0.1667125698593391
0.30006059624201764
-0.6415591260341909
0.09066940578051627
0.5063689965706032
0.8384901392953624
0.1990546197269021
0.5020768819426645
0.41216192538642493
0.6408098093732062
0.2921861306203745
-1.3042263203348705
-0.5224063486884133
-1.535423982522711
-2.2180610055446297
-2.2575711171594146
-0.5212983797624974
-2.1216237450107895
-0.2589621644127893
0.5385585393932786
0.9196336478556469
0.7365324369403066
0.5965543454910547
0.7357107239415099
0.02450257315880421
0.6394923918710166
0.9615931532146096
0.5223265477512139
-1.1475202700872906
-0.6252133060416661
-0.07930243383819764
-0.10414026433400633
-2.6642379942512746
-0.824871188930142
-1.4116108488518222
-0.4762074531785047
0.31421313112064053
1.2177516747618957
1.328923320243302
0.7048917257104383
-1.2395514672458567
-0.6644517941714688
0.4459981915469325
-0.10347524645531643
-2.4522810772000474
-0.4169289872403437
-0.42043969059773856
-0.9565513731475571
0.14242820798997757
0.22642469203539956
-1.7111990136977182
-1.8629553965606191
-2.6031159013870195
-2.4582281242552244
-0.9000981968641192
-0.6046034342249362
-0.36954010781818336
-0.20542149231439785
-0.35555243090035643
-0.35606341788104495
-0.38086764291606584
0.14913256476865558
-0.466221382427147
0.2822340674271767
0.4930438817789604
0.6196966616620558
0.657510657291154
0.2976383143138921
-0.2267663573782169
0.08757291774449023
-0.26944199615094744
-1.4263812962018227
-0.23447985475573713
-0.19312350643720597
-0.35425265849522486
0.09971523978947187
-0.598172623535996
-0.08670845697628539
0.29969503511941065
0.8393706784301492
0.9419339899945757
0.9430310758259262
0.7550374530664298
0.9870985832034089
0.34160408065264314
0.07037380847942823
0.28567174423582525
-0.23859559563429028
-0.2362257500098381
0.4373172547995101
0.4869010649315601
0.4102355000919139
-0.36964466870007906
0.0752540202457165
-1.7993838393024977
-2.825965288000421
-2.6072686261914635
-2.7713228127879552
-2.521939954791277