0.4301809617123287
0.29361752169972194
0.032217165013830394
0.22277264180391548
0.4520313316350209
0.33957939076873356
-0.005861993188316933
0.21734465669277725
0.1338672297256537
0.27263465323825664
-0.29252890859304514
-0.40379534956064544
-0.3253928643678398
0.13293935327952494
-0.157384550719321
0.2640548051648618
0.3685643136112847
0.4810384694569434
0.4162295898751559
0.6364917737228688
0.6429088591453038
0.6373370641527727
0.854180440604803
0.8011486699095091
0.9187392877086211
0.792455985638256
0.8629981024683666
0.5693740513418527
0.377071717006595
0.3627248822016464
0.2465907229417143
0.6454597986387602
0.443732270194985
0.5000463974903291
0.5147092407948101
0.28000571783474637
0.5965428771495962
0.44691218571078817
0.40116952405262635
0.6380757838618438
0.6481582267853737
0.9275360748138638
0.7269237645310607
0.39136781925897124
0.48015065028077614
0.12224670703070355
0.39557442191882214
0.6029503611398054
0.5274298743586973
0.46322246310017273
0.21268985371706509
0.14507799092252652
0.036385128691985534
0.3896836203179124
0.17450519615749518
0.4618541325670648
0.3258250454543732
0.23190615983912943
0.7226061241197155
0.6094612425105244
0.6755253252234443
0.12608414536014403
0.04281457123112935
0.025127298739689774
0.2647499103404917
-0.05374361947190796
0.027022977340297204
-0.1551247737333939
-0.45139240365419886
-0.13997110988425002
-0.002526665333909539
-0.2998073119507947
0.06134832945056342
0.06694671053463182
0.5525787907629007
-0.11561967726033107
0.27632035710501784
0.5402145418775792
0.7228332172430234
0.6183404731840082
0.6324788880632376
0.7965123184425162
0.7393850370062767
0.46754054133972345
0.7785272950577775
0.9550249880873665
1.054318565512747
0.9732161959912051
0.8848228568701936
1.010642112597801
1.1148726860539337
0.9169559675553657
0.7899249234010975
0.9064734307004045
0.29570759600214747
0.34575860421183685
0.4749139017046211
0.6359504802402007
0.6472588663238489
0.6344646292993261
0.7884304517069751
0.7630902885696061
0.779717747960605
0.7127221780124245
0.6692899212224848
0.9374500827586081
1.1881365197983067
1.2145385867180125
1.195774707319624
1.0157798799256674
0.972806782324602
0.9375376602244806
1.037344980008046
0.001961720646958037
-0.2582689615029157
-0.24030367970647223
-0.1511149481642546
-0.1669389996957144
0.0009728302109049056
0.10978063600681627
0.17283496148629834
-0.03425444689924272
-0.26230130464687484
0.2009111527166758
0.10103712185240725
0.22014002462336962
0.38421648222064325
0.526930459859541
0.6138268839705121
0.36076101875019323
0.7827910385326451
1.1564174844169568
1.1353091581710921
1.0625308074141908
1.0878569192046599
1.1932756086432819
0.93684207541694
0.7254256421588787
1.0847856518013148
0.5664773637850363
0.822806055839137
-1.1668819014083247
-1.4130034303570285
0.21451153748159468
0.7218161055078294
-1.3312613382236893
0.5953840850200396
0.16419480301653044
0.7927726323376594
-2.241342697595066
-2.5914568489289596
-1.334475100510184
-1.231577649395169
-1.9329590341142446
-1.8439250294327472
-2.5556159021288334
-1.8916092050414268
-1.903076494973968
-1.5933013704080974
-2.183188551510672
-2.6571033287598484
-1.7422095032406122
-0.720841320159405
-0.24140997914279144
-0.1779906765596182
0.22192463140940086
0.686310184835739
0.5786848326804858
0.6643592832639269
0.7757153896701697
1.1336191276095084
0.7998523083728207
0.361400159207218
0.9214886286215425
1.1076338388798188
0.912817538001778
0.9741742473691286
1.231783512199287
0.489658850293288
0.9748616956985231
0.7244371327234087
0.938773042315038
1.0160644883447527
0.24146020969241846
0.715377366854353
0.8371819090378366
0.8003642863838107
0.1974904170576285
0.5914236599213799
0.41280216966188055
0.6695181869513095
0.8434375982707525
0.7584819428818255
0.5087650336928092
0.5849536821968326
0.3378957405582109
0.11881405055589282
0.31220724858479154
-0.7862394058284715
0.056899074611487285
-0.3839904215913613
0.09077975187144036
0.1513132214102723
-0.26445945783199526
-0.3800169917657992
0.003015158975855832
-0.32990877866894447
-0.12714902074755496
-0.48008947600792207
-0.8371941280603735
-2.4176659964924108
-1.3133991323155225
-0.33862924729492205
0.080220411262124
-0.28935121900069816
0.2639947087287517
0.33190517895745486
0.43542030960430117
0.5216851058184714
0.4498441332956723
0.5707259916638634
0.7469159668687861
-0.07447960075185096
-2.3142694494331018
-0.682093700956093
0.694500021914169
0.23042620106053618
0.6959270180847734
0.4487154986249653
0.2279619428398095
-0.06353605566187401
-1.143036251741338
-2.0538094789040517
-1.9420589894080262
-0.9962409606579652
-0.90011758711947
-0.6442757689600763
-0.04495865082362045
-0.10143370631169553
-0.01976069146523658
0.3714161040873531
0.33791452961705903
-0.8613286533321652
-2.0123641059919293
-2.1214484098857667
-1.3283604528401896
-1.1076350526972965
-0.7323337075277015
-0.8148975281242288
-0.27653568928424527
0.39798671759579707
0.6225120968981592
0.0830167150063407
0.2532194945537374
-1.0239571534462517
-0.24987316125580517
0.08232978528130717
0.5470201023280364
-0.4754634037190012
0.257229732461551
0.12352525055356214
0.31202949691327175
0.6424340951183536
0.2219057974330212
-0.21284617600686467
0.8487547710400799
0.9823539107739532
0.5169702714617295
0.4007752263436675
-0.24179893620810722
0.40587357739829333
-0.35835746515585754
-0.0007448712769577926
-0.12225239284885644
-0.28883465016818033
-0.8563474927398612
-0.0067961004746059425
-0.7048350613837824
-0.8750696752002256
-1.1247486510848475
-0.683104012867713
-1.1043044906567652
-0.9546402616834673
-1.1210376225970817
-0.8588380892073442
-0.9917596632290644
-0.9004126243701066
-0.3171217915470932
0.11761246638837845
-1.2757911503216814
-0.655286514159352
-0.7945166778727328
-0.03146631736343962
0.5927461312140373
-0.036140376028877444
0.27237961025246865
0.25044083814726087
0.5991897115576668
0.6359382357956661
0.7507666825596109
0.2515961457250082
0.5862710800110759
0.05113538074602449
-0.7463584064099817
-1.6520718821046851
-2.4695794674686207
-1.1500589129307996
-2.7407428805617
-0.378553305631588
-2.6573474110197353
-1.6567552722355583
-0.5399291811740109
-0.7429536521801134
-0.26831486660932463
0.2703000371203103
0.1559291706742847
0.4157146118272064
0.5957137988068214
0.41950574705232635
0.15376677206205366
0.15000638156108187
0.35819989418016984
0.6633924311828371
0.7643976832416038
0.8443007770384797
0.3978348707700098
-2.3509432763110083
-0.35799851034385605
0.4327438279561311
-2.610181669437849
0.0601810846218618
0.3573897465333168
0.28764744765022476
0.11755624576580961
-0.28814373205543314
-0.11218954118731057
0.02177293305150979
0.22145424608718106
0.4670092210492066
0.3467311318859511
0.28972475186535507
0.022770806395701414
0.5201662232676598
0.8407845489209048
0.38850674148723874
0.7307221488647189
0.7537665713143453
0.39373036783010973
0.45944319961517827
0.3276975899264124
0.3437463556474906
0.05689451818584155
0.41918205412164794
0.5821823490183843
-0.5950176893354314
-0.3572270721482038
0.34188807530693477
-0.3357060277145795
-0.0336187259246135
1.1173360136299482
1.2149592865955978
-0.4000202012193602
0.139263829511955
0.6887627938671129
0.3463794358314202
0.8797076893926257
0.7276297234945961
0.40889239371823044
0.0016091703170921456
0.5849187767012809
1.625294564006031
0.21150435351268534
0.3646713428140854
0.6845048729079297
0.6452762083268444
0.889488356790104
0.7911944923667253
1.1245262507492835
0.9101853498383232
0.20087148557683232
-0.12630250309301205
0.3578926513519869
0.5700689321910142
0.7595300916539033
0.6453249292989455
0.3122976934198719
0.5340384414262527
0.8653308301809369
0.6063841618946463
0.7039154516624214
0.6509835735886476
0.2935324771077645
0.4692002709626116
0.3788667315773327
0.614585319886651
-0.3748748513173339
0.25534870444125346
0.558566820875732
0.6876953678586051
0.505381258936198
0.12399670554656317
-0.566475691779285
-0.22028843362531297
0.2353779590749851
0.5851557798734476
-0.2541577259432592
0.09870398643815598
-0.09263455714112408
-0.33913942909243444
-1.7527232126573136
-1.203064295749967
-0.43612350900320374
-0.02862594660143176
0.30050006073984903
0.0023290083979436048
-0.5257130863719226
-0.36608876476829627
-0.19522589238634475
-0.11213816254921172
-1.6789270322834422
-0.4510562021296196
0.1138399485179717
0.08110041434420612
-1.3491484614678353
-1.1718628896340184
-1.2634191809576045
-1.0374452733514354
-0.6882677536239065
-0.8926312833208009
-1.447725559340163
-1.897037269633551
-2.2135151648778253
-1.4620061555171027
-0.76631656760505
-0.35286440861403856
-0.04036910831630319
-0.2942512149357763
-0.35457172702489437
-1.0445887490289445
-0.7266354172338431
-0.15966079585595416
-0.8452591118160079
-0.6236756944282109
-0.31372691454906515
0.1385108625035073
0.4328746270315591
0.18725085654965484
-0.5977121566643231
-0.05474204734186396
0.4315058915334222
0.7924245661576026
0.7858001175155267
0.8055849861753535
0.6172248321443192
0.6328726365480857
0.7548072963252521
0.471938394813001
0.7490392209943251
0.456141512407281
0.2655455619677984
-0.9097068134129568
-1.672238229868698
-1.2802056899364014
-1.4307227421350626
-1.7203981202669603
-0.8962162490352192
-0.23249508098721233
-0.883093188124208
-0.6497342614290895
-0.7749986986495921
-0.7802841422849818
-2.385872002492986
-1.4704614033334065
-0.7587769082231538
-0.18253054281852943
-0.4558630177751738
-1.7003634221720438
-1.389332250397788
-1.349486946969787
-2.2093657783972516
-2.048386289550678
-1.5908599342435146
-2.185272131938908
-2.316209291673438
-1.2932517517549482
-0.06522842772180097
0.15076991523101904
-0.035651189927290314
-0.3288696011491174
0.13380371818730002
-0.25870504140293427
-0.09943382259922086
0.5162892801070271
0.42778426076150416
0.3614300494342886
0.5710885713225476
0.348392479318245
0.4848227173432701
0.3973309988901563
0.34777947244333285
0.46178058133369193
0.03552331558977275
-1.793640129099804
-0.8490404825276062
-0.7286515562613145
-0.2797514906986252
-0.12125529533860753
-1.0417914915544146
-0.6605582078474885
0.1521336121188664
-0.30989943741562925
0.45960385637304163
0.6552496072022005
-0.3976044394576365
0.7692982770083269
0.7636132536299343
1.0081299500200636
1.2711031121413678
1.1604953614453628
1.0741491508888108
0.829258141661603
0.9431744362045145
0.5264473807547467
-0.2534421739264408
-1.458462234231769
-0.7630195566734294
0.07732805569402529
0.5595580078095943
-1.5470243307816276
-0.7352196951341441
-0.3116721236974005
0.0019355024965745677
0.34558821503050946
0.326651662426143
-1.8847540250287698
-2.6365025466450693
-0.47332173626356744
-1.7252592271268756
-1.1217254766114924
-2.0416379523798787
-2.7742847387687855
-1.041629744849186
-0.37990460588569813
-0.9148359036879354
-0.2616630792473406
0.36240046197381787
0.3500941649030872
0.023283719248981843
0.3347737961953488
0.4684776562427202
-1.3397109705643153
-0.5201538076979187
-0.152456733506878
-0.33472571046705357
-0.6411937954374791
-2.132565427462265
-2.392097454517446
-1.8029865872772657
-0.9990598096614921
-0.6133301668742746
-0.18918279973382274
-0.26404157622242247
-2.0131679595761036
-1.4171984126489847
-0.3163056064131773
-0.04229678589308333
0.16013460833147733
0.3812258647482371
-0.2762912173787781
-0.9708569054530038
-0.7154418197514549
0.24404620548057765
0.46342383989286373
0.2703462090996481
0.45485397314518394
-0.28896455649016206
0.23941116045461608
0.13136026253697572
0.02534231882793317
-0.05591533512649956
-0.38635722073413714
-1.7510572881232136
-1.866082950934849
-2.308797779914713
-2.205304084343346
-1.3965027216581103
-0.7070304089718105
-1.7057077447270346
-2.0386373481550364
-1.2430851715550972
-1.8026788423759637
-2.046680709913871
-1.905422885352505
-2.1075704484688016
-1.6479207473616806
-0.13731129439548437
-0.7488094067582373
-0.5281804738719172
-0.2569304064456924
-1.0652095858122583
0.2669512531492176
-0.0627525339535788
0.27466922047275494
0.922997194715322
0.9250520872047922
0.274011878498208
-0.19463660283678166
-1.0959549965202526
-0.44476837975160244
0.061441153260937284
0.29577700146242514
0.13808372647583939
-0.39696998016954754
-1.4984653726012855
-2.2232651887143917
-0.9748300996657404
-1.1330437538992502
-1.1131188144473714
-0.8487094667354154
-1.7328909064255433
-2.3135445345124976
-2.5376594383256403
-1.2975869105474476
-0.6015419290768124
-0.793385787988654
-1.802569972173084
-1.3617906838442573
-2.1965806918283546
-2.0445759610338694
-2.1882534246771717
-1.2117518396874798
-1.2445327405008577
-1.6443401058124096
-1.6908210993120139
-1.858119187056257
-0.8072679636207946
0.09929545030291913
0.39936838971863875
0.25080991582562306
0.19596847450004548
0.26591550147820664
0.16784443413871436
0.13818526410811788
0.2321972426941481
-0.7324457823820177
-2.788208090503295
-1.4237669677899587
-0.6281140406733456
-1.0265069345279898
-0.8926459045362506
-0.8505421075572179
-0.4850069306720373
-0.913418860848006
-1.2906892742972529
-1.279576515936233
-1.811822147822194
-2.3403474676153984
-2.277785049428217
-1.798967154922274
-0.865581044155784
-0.5935434549904237
0.06524381663242468
-0.025205196399259146
0.06190306023541885
0.3536224332545746
-0.6348555306253938
-0.08799025783636202
-0.26590727201718867
0.3708968238544987
-0.05699475137972966
0.61190374289447
-0.11490820155795638
0.46697116960808804
0.5671833228366984
-0.13125105225594938
0.15596161906848122
0.36310294852037944
0.45965379923084065
-0.4725227048379986
-0.027428378043321967
0.2510949487419163
0.30254714152456397
0.4051936726717475
0.3771177844868886
0.18204377330583424
-0.27886491070931124
-0.5419317178595356
-0.48841801084770103
-0.2503204520080029
-0.14118098256101724
0.3955321656273722
0.47475049600507224
-0.331787246538016
-0.6097573085381034
-2.0070993084890523
-0.05800832730321036
-0.4419189802137845
0.15058074227924984
0.0006247952210114077
0.06900317594105654
-0.7329953873886446
-0.9310453342786207
-0.8330996445217332
-0.3298021994198467
-0.4499383714010833
-0.14706361129455983
0.14014483156318408
0.37257688203953937
0.32832432671991174
0.2749528013026374
0.3195471150553241
0.10299526560738823
0.16233692657957155
-0.06659526943029678
0.2729609621587608
0.27286846937509945
0.3856354567238759
0.2218869182138637
-0.2259759870132166
0.2377043198039151
0.3590618673046023
0.2015340285644449
0.13060331045723278
-0.10322077511234293
0.3352155224475978
-0.24789478059125422
-0.015658927168245757
0.23227201223120958
0.15024835823446622
-1.0859416391684407
-0.495816601971412
-0.4674773052715707
-0.16040709216545107
-0.18646189746874003
-0.14230139509414963
-0.06945821778376332
-0.0484794749035965
-0.1442746045319549
-0.548399749458538
-0.6669887317812094
-0.3427056528376361
-1.2190169839003369
-0.3850619131998969
0.45194142130823334
0.2526642114378611
-0.25638365261625295
-0.6326734967511294
-1.0675143515273815
-0.6328949328349956
-0.2636803354171865
0.06848035146378144
-0.27992725479685576
0.06894936798902686
-0.5661726984567225
-2.331660659879801
-1.730374376494296
-0.6962703968479341
-0.006482493216943118
-0.11076598864674318
0.33365920675331384
0.02286732823102936
-0.21015518615224274
-0.13945694253173643
-0.02472305152294741
0.1797256259031512
0.10863176143945555
-0.5803507278586472
-1.2464557594375687
-0.38820509888760435
-0.4446534922467816
0.0673164481302518
-0.013282295402575108
-0.328271524075435
-0.24106717538855932
-0.2538396670764075
-2.230716165214969
-2.567005252246711
-1.5207585915259345
-0.18054606246158808
-0.047211750840658276
-0.4128460875171968
0.18077692578830606
0.34467105677460846
0.4475633463501543
0.16906466996351538
-0.36590944928699554
-0.4249130710577872
-0.22299521580731047
-0.7698182655361119
-2.111514373823796
-1.2163758007555163
-1.060631685304104
-0.9591346269661283
-1.892970858214167
-2.068389601772968
-1.9359504026065046
-2.0895672979193938
-2.264846592329596
-1.3447276593840607
-0.2815171898612059
0.04672718620122322
0.1720345719488292
0.21920022070543607
0.2796432580553638
0.20002464066235964
-0.8492857324472926
-0.6392334737409313
-0.2638260736969119
-0.06509102111061678
-0.345862910834813
-1.7634231053973999
-0.866192707744843
-0.14628355614039595
0.10658273103068161
0.4721007348164572
0.4365499035297796
0.2556352069108387
0.531031083808886
0.7359139137733302
0.9425285023489739
0.765911691579026
0.3663862498525285
0.7076646121116359
0.7261575364119839
0.8372160963389155
0.10381601144738502
0.347585622349584
0.3891562297694467
0.43614133078726525
0.42794454241695734
0.30870215287773195
0.1429132566172718
0.4810588840925855
0.4848038102050315
0.16620024251070123
0.46279309614727315
-0.17599722791455333
0.29635208045227157
0.19252898875667054
-0.09210919010895967
0.3990849058612696
0.5181033178660451
0.51416797492651
0.09273978852243223
-0.40851918559494527
-0.11743580907270545
-0.6716882844269624
-2.1195173925299917
-2.2742815501007394
-1.081101619215302
-1.5195882946849424
-2.3320103013113425
-2.601450107162901
-0.9161020738828178
-0.2538004511334697
-0.4268821607494669
0.028322880077337364
0.3489884474877587
0.23643436963082776
0.2778272966666903
-0.8505972988406137
-0.8122312013303243
-0.28557548171093694
-0.11365197646539878
-0.24587384511627225
-0.22554534494127615
-0.44100000919376336
0.06055316343222826
0.014143375218938816
-0.8375125597365705
-1.9093420126540672
-0.8676035357797762
0.3768662699202624
0.010866234953375945
0.18527090303964638
0.3373256425120311
0.6868845760914231
0.14339692822530586
-1.1563660800562352
-0.4538250325540211
-0.07321508690667206
-1.3057584533086977
-0.28182915981857803
0.12231373622207926
-0.07215763658652886
0.18899431199306277
0.03990597690070593
0.07131297242184628
0.2464811942435301
0.16678589476593322
0.15610568510067252
-0.013722940335614225
0.29985308726707915
-0.06516034518820384
0.07184336936555456
-0.1640181645204442
0.06841485148062924
0.11809557650510775
-1.6414455966327601
-2.3209065118511196
-2.488766815334561
-1.05975013519951
-1.449196507382733
-0.2967585971758139
-0.3006455649201842
0.0845434317950671
-0.0582758365984441
0.03865782193055169
-0.14654193917029046
0.05593641891181752
0.0728450414738611
0.13336133423618662
-0.8553529336240008
-0.5453746161520316
-0.4461194294839796
-1.027728648996585
-2.0038577997966818
-0.7794734690899875
-0.27072399656389334
-0.7627762945257996
-0.564055600184426
-1.9424701184961612
-2.4191260855367407
-1.517993441218595
-0.49786579660634
-0.442194544667489
-0.05250745096523592
-0.5359599772584694
-0.38773988144938915
-0.24590112046485588
-0.014274130884412536
0.20006075435307932
0.13131492024423844
-1.0155178995046423
-0.20547161338664735
0.3150730380554415
0.16460830917048697
0.3602598734306056
-0.13857629671575572
-0.3071849175301561
-0.5628941722589964
-0.7439280383441182
-0.5090787193854117
-0.24875433455845358
-0.21191789854394005
-0.619199543992911
-0.20212163290043036
-0.22911627271438756
0.19625435820963905
0.7828768832016813
0.677703227041396
0.736678709068211
0.5883581226349867
0.7343643956389023
0.4734442926426617
0.13181752865858748
0.19117051105466779
0.07899030945502213
-0.6112175502603349
0.11997580362298407
0.06926129006720588
0.07370868216509414
0.4247924211429268
0.4344705254334652
-1.2293414246322976
-1.6171896121258107
-0.1732113195673864
-0.979331380842017
-1.327045518739508
-0.6873904062391512
-0.9792563845852065
-0.8117982219905697
-0.3511510598650134
-0.26023177176836804
-0.2182360696297681
-0.44796136965774586
-0.8310788470969701
-0.5890262405870524
-1.786532157094453
-2.266552048934328
-1.5086944660954988
-0.1879592117380705
0.1859336831431461
0.033491836295646914
0.18506500178435165
0.2866381803318922
0.5370972046917799
0.4503740680545086
-0.1074655976660156
-1.5828746126750823
-0.29365923708638364
0.1837987018666738
0.1340583749447257
0.10581905204635342
-0.7399507009921991
-0.43560430165446407
-0.31577781368330415
0.15899138805873217
0.26793915072777374
0.10708181824505539
0.5022249028773236
0.3672234954264035
0.2918375091378656
-0.14666000146246994
-0.4317131406011157
-0.37146005578414504
-0.46673698666418534
-0.06704236434806055
0.2577639796097707
0.456933815357201
0.023517290049369043
0.503641866090071
0.8573984852143631
1.1544148484480323
0.8574514112932388
1.0576963673714856
1.1238054900362844
-0.28017383180442795
0.5523487776385743
0.4853828673183944
0.5771276388037471
0.2321806465987676
0.05638475019916955
0.44767973231354274
0.15469282259261607
-0.24317692479427158
-0.36927192247851826
0.11919085614402987
-2.4482546349176966
-1.7050593336570472
-0.26931879655591456
-0.14322323927204086
0.19068776442976038
0.3998816770771641
0.536213332204716
-1.0274261956784116
-2.4818019152530497
-0.8056830215364063
-1.752853974280813
-1.7002138968211877
-0.4381258686244417
0.45020333451866146
0.5302096972458678
0.3395062613596621
0.17514435337443313
-0.663616411736409
-0.10301758113169693
0.23036321776516075
0.2617293782900761
0.2196743751398227
0.4513955506027191
0.7332947175544932
0.3427981178694096
-0.2603844702497397
0.313880465058144
-1.0150728172813648
0.15727970097235816
0.22367193202021562
-0.12254862484343484
-0.5693514910616274
0.35905435173942934
0.4017461219835431
0.11491045193592934
-0.655339422554233
-1.156054229695743
0.526840115180551
0.8627176564781074
-0.21154361538619632
-0.33982925516083073
0.18360961068506737
0.4664188145349037
0.6725239159286984
0.5421135167018423
-0.5142780385952366
-0.35855150820527093
-0.18103942413295337
-0.20221361631363394
-1.4988194227394085
-0.22979249662454268
-0.34156835004470276
0.2909017041440498
0.17799835640269293
-0.4556215646749185
-1.0337200591284585
-0.35063088019766003
0.5737652890578312
0.48648878024780784
0.554791622120574
0.7352375616971605
0.867788974982955
-0.2488847198647106
0.2612875415157562
-0.4629411306589022
0.25759804931018104
-0.5231395676154166
0.7483373224467804
0.4906874999470151
-0.5142519187779925
0.19469187450260286
0.22488963928943026
-0.007590349101106506
0.2428431766645184
-0.30432209798777066
0.7522250288757143
1.0174400225396845
0.11394764292450363
-0.5266730192163063
-0.8910137045222759
-0.8415604667170028
-0.3685724537141219
-0.6087969196583375
-0.10147109501242917
0.10988698724455825
0.25659104855156506
0.10265471268268818
0.06721888968070222
-0.4545196403747882
0.33664561565330003
0.11952899519454911
-0.15771156347265866
0.25989804381708814
-0.04778332441819231
0.49924999490206295
0.029673959909300267
0.7651905375293975
-0.36819590878738084
-0.5988781664952002
-0.000691485774519604
0.009145627473249634
0.006920321138404234
-0.23517121025839813
-0.36227607496702124
-0.15444336454893792
0.2976034644358666
0.30070779128580666
0.6087807387963322
0.7190113604690702
0.3391999406548706
0.7519602705181808
0.7236025648340044
1.0269412627207073
0.6332780157461573
0.8435616412961042
-0.7324817906907788
-0.007898796615872752
-0.5526820177901065
-0.23902524880783046
0.19725814608801145
0.40143726230649646
-0.11384000089237127
-0.47585892415005465
-1.5872942791933797
-0.46242830452589806
0.12634529943308562
-0.018476496482403428
0.24486739926370954
0.4768783723608635
-0.18313964118239162
-0.21082840326543445
0.0127889623034875
0.37489064224622337
-0.04702628045290184
0.37433721268889164
0.18480473073114462
1.1204273628151307
1.0127487453510553
1.0804617846790188
0.9720690755680131
-0.04642565213381723
-0.38988448501869605
-0.3996616998080345
-0.08129343322371474
-0.23436204389486037
0.24516911752743872
0.5458338822077471
0.8832185960164753
1.1762170929901383
1.1160988377601668
1.1073593466601832
0.5882996304476097
0.9614854624355257
0.9926079512282293
0.7912644517973048
0.5136906208234496
0.4784783892047696
0.3821019759227009
0.4520360022347808
0.6248270707831508
-0.32326837703738104
-0.156268361181169
0.2955196166743503
-0.44093371033208884
-0.4494914960293984
-0.5409951408030157
-0.12531478786057543
-0.5256558133923861
-0.03943792644423731
-0.03379602871937142
0.23961190217014297
0.17605195306546223
-0.06672237246772905
0.03175749389112862
0.19214974197883536
-0.20052596236364142
-1.1959934511856347
-1.5305982218803051
-1.1341157583238672
-0.7248341379458548
-0.4606241173566127
-0.47076936603436853
-0.5580763361838474
-0.3762412075734158
-0.5340256395806855
-0.42008162448128833
-0.03084839231730881
0.2205037728491212
0.41629585728139096
-0.03330397915639791
0.06172214448694265
-0.09557085070038675
-0.10360725973615734
-0.1236107420321499
-0.3948865230715281
0.4023605612319896
0.5125358499539802
0.43693474105335006
0.5312395527310451
0.5184716492133628
0.28884687349795884
0.4498294127067533
0.4257857728232837
0.5901531681740559
0.7291472342919214
0.5003960862448865
0.5111699950251787
0.4584905180816259
0.3526723388734966
-0.38605938796965206
-0.32410870745693343
0.0032519438241925434
-0.44877794558527084
-0.20134824896679754
-0.16085841254842578
-1.5760173153428254
-1.2074378675746034
-1.9225089187415256
-1.9822891660456026
-1.9744027061446623
-2.2209044693362427
-1.791985669707874
-0.4539284888249804
0.11037526097236894
0.11479599088523502
0.293407716520507
0.18311769340817624
0.24074470716791052
0.434567361040875
0.5794547858937775
0.3812591546999413
0.2014575190771728
0.40176077622634426
-0.017809431122604462
0.13812736988638066
-0.24175494851053295
-0.30335428127947045
0.10763431775704382
0.2566345576988801
0.24092041621908908
-0.6645249316656944
-0.2503811821097518
-0.03579073309021734
0.34306544178512366
0.3309130953244572
0.2702716789483011
0.47222307242010214
0.31525681640028974
0.3029605263223342
0.5061021146083252
0.36382095794363456
0.05080117566758804
0.005635386686670412
0.31764322275864393
-0.49116742832974386
-0.10887087505751687
-0.3521275707431591
-0.15540115097641266
-0.553364085803557
-0.381955641322654
-0.4161188743810188
-0.7923796751678801
-0.32819404753531495
-1.3199669613497433
-1.848911815192786
-1.2452203322903144
-2.0530607153049876
-1.4060287293366518
-1.4236597286906623
-2.477775447548744
-2.4333547763670884
-2.3826006024434063
-2.697497483026371
-1.6004755341048962
-0.6848801937439835
-0.09702940803155795
-1.2398987554631606
-0.6366496674134439
-1.5053930584029547
-2.029797713758424
-0.7934336914601345
-2.1595986113232994
-1.4121734324964086
-0.8505470565264044
0.11257695215004185
-0.5711411928501211
-0.9262027694969046
-0.7872409174942266
-1.357887097834396
-1.293738366225966
-1.1161300941882057
-0.5766173568346027
-0.7982335588168804
-0.3681541126157998
-0.18233638714974268
-0.1812161894924152
-0.15622089754477234
0.21422003158186068
0.5214237131227788
0.6040089431160818
-0.04216720506548501
-0.03893340043009567
-0.16761827935990734
-0.23730920096265903
-0.05299052965472197
-0.10008154991352047
-1.7939274150219915
-1.9668754606163763
-0.9531186853962808
-0.4370136016242771
-0.2990898371508651
-0.4026789956677829
0.13287093939188097
0.291388259748469
0.35186638261407965
0.4711688328918342
0.19203196133798373
-0.8454967547148439
-1.2987974623173104
-0.4057586798172924
-0.1463431329012665
-0.8673244654540074
-0.8244228164221996
-1.080891627063194
-2.0819857226824956
-2.150417063509749
-1.1670998143331686
-1.2619110619566327
-0.9897315113496784
-0.8297129351610837
-0.5243602271946175
-0.20646980721356947
0.08914134524726794
-0.3750786408461395
-0.5281960793022032
-1.100948799930875
-0.721980707527996
-0.9922297002921437
-0.019156706947317963
-0.07909694411790891
-0.6674620130602666
0.004291231064877107
-0.9753893842585135
-0.2572502558134512
0.3050923160791701
-0.9519724216061993
-1.035174319488504
-0.6955934955030132
-0.30689661684564007
-0.758931664493193
-1.5812430652491363
-0.841739263428092
-0.6252860799421074
-0.7238872928670013
-0.8594526560219503
-0.4183235532919965
-1.4909122960130574
-1.961478809235541
-2.4252749085569243
-0.5947172812553491
-0.12016187579884811
0.28816271246769587
0.6961081901550685
-0.05985602080456488
-1.0018263681996373
-2.2178800765935605
-2.2712043201806913
-2.764168454919612
-1.3779027984054901
-1.556087898597579
-1.4238234015513938
-1.2198786405649185
-0.8149585699864346
-1.7861242443542857
-0.9631790622891436
-1.8594931957570247
-1.5496607874519879
-0.31959734941028806
0.16234605248827533
-0.20077151915393882
-0.332644597502077
0.18862091388486069
-0.7860296712512577
-0.4657051914024034
-0.26022348581489296
-0.39987419566266064
-1.1098444446833498
-1.130402840600428
-2.41276813814728
-2.230737944894173
-2.246955530597917
-2.2119930806064168
-1.820078266952001
-1.0612748427954224
-0.8382892894686002
-0.576198593334321
-1.031695067828752
-0.6892344732221234
-0.25158992612896836
0.004813548192552764
-1.1011190550443275
-1.3642684797367384
-1.8856886380657927
-2.2386684942309913
-1.0918645289484572
-1.4749658951601874
-2.116556547096131
-1.6263740185331834
-2.1252733461929934
-2.1871211651429587
-2.141923207742971
-1.8906334606903783
-1.4694223055978823
-1.6905478157328624
-2.3283702853226074
-2.1195322199191895
-1.2716658729670327
-0.7865888402681882
-0.5825416869691338
-0.8251429750489434
-1.8342120446758894
-0.36029934607821773
-0.16712597225174236
0.05485466351307059
0.10712408447104282
-0.2270060730739559
0.1392004767566718
0.47706189692932155
-0.24631828278986614
0.29395634998107795
0.6385161998259337
0.4930409136897917
0.823267915443196
0.9601292032458923
0.9716647654458853
0.5688532318162374
0.660658505036674
-0.396975273494222
0.14368083928485484
-0.5916121620810391
0.3360187752581229
-0.24475612323835988
-0.20628520064974074
0.20513531595574652
0.5930172540495317
0.4258732927124703
-0.06035494917065526
-0.16996682722058032
-0.9749888609984236
-0.3321704949540446
0.31367686158610364
-0.05154736229440511
0.0650165269412319
-0.2188334557986485
0.1614198395790066
0.5153414611977791
0.5342304250915187
0.4513284813553359
0.5543462708951309
0.4833050780885288
0.5483018627927053
0.13491505787554986
0.5194936477792432
0.5513442273500624
0.3819113091346836
-0.8829300327303986
-1.309109228540529
-1.7637222302497406
-0.7151203464919633
-0.7804169907352432
-0.45895728949699227
0.34330846357333356
0.3271998202156802
0.2351992151362084
0.4539815780346389
0.20538864330231985
0.9252477218358199
0.8044442219109612
0.4519463761267846
0.8723948644998062
0.4006508252464845
0.4769215453166799
0.6900878797099839
1.0870174305264289
0.8176417756360609
0.34799073221816135
0.6551282650510589
-0.41347133218837506
-0.022423712295954978
0.3776072271643852
0.5140388568497603
0.28235560061782794
0.37578521732858217
-0.007755658509774266
0.30998931290013887
0.14828310798068634
0.26349966436850125
0.16215884483325058
0.7100414001846849
0.8313739459968856
-0.27740825808195346
0.4887659637899436
-1.2464884800647986
-0.44640947126016783
0.34125844475806827
0.6458674238895752
0.6613277766166503
0.8543004737564945
0.693723514214278
-0.24300373617966153
0.24570246725416595
1.0016485532404116
1.0708885421314158
0.6840616316518237
-0.35903767405412335
-0.8115756011810031
-1.9075289074256574
-2.0256964668282427
-0.4329782937134931
0.5510652566830595
0.5647062608968942
-1.027950562931458
-2.3320166225579024
-1.7001764018116083
-0.35422183971610177
-0.25378303833886784
-0.3242509557082179
-0.17878514000514553
-0.4980249024820509
-0.12984386978499318
0.5304472554982154
0.19150881533748612
0.47275363348154775
0.3991212447750593
0.2844398499843745
0.49263592958308033
0.42633088321871615
0.5118102765519572
0.7997282874504161
0.8913366672108929
0.8986547848059375
0.9926323468652976
0.9842093851735255
1.00174999228671
0.04292458263400216
-0.09609600319579234
0.20966636605541894
-1.2187013719180577
-1.6936381783722034
-2.567084743091559
-2.85339979959353
-0.9680511453195297
0.14371554467395053
0.6575830517783456
0.7587972195331142
0.7631686128764855
0.5760992444352875
0.5871892042116047
0.7753553996174457
0.6297879886329216
0.724478313418887
0.5117228890911678
0.09383673858995079
-0.2558007290614459
-1.3102131265365096
-1.7180252943099283
-1.9545475469498186
-1.9392405010631317
-1.2155971542932744
-0.9175943346313309
-0.6604686297035217
-1.7169337137804497
-0.9499604317345819
-0.17435225337394872
0.3661793486696684
0.7764786577745829
0.4530963977746195
0.1655759176436711
0.02344005092117759
-0.06254605373508003
-0.05198692467425252
0.21518178562610282
0.6707957705987186
0.5880260428250336
0.7844257965347946
0.18808996061024358
-0.31148311011066204
0.6395675697790756
0.8031583606726465
0.9602548402871346
1.1204842505546728
1.2283060557448535
1.12439092975869
1.182439941361209
1.2750901589048715
1.3558532747168544
1.3336078093069046
1.4162164134677104
1.3830948483873446
1.6328268266562787
1.4182641696512366
1.3605316716397817
1.4566950625121284
1.635337542187956
1.4499282878560353
1.31181636318121
1.3920400002085391
1.5632688472170548
1.079835510210752
1.636643926164251
1.4006619694767868
1.2685066813131285
1.2511600760136798
1.3872697036143926
1.483494413208611
1.51218082185647
1.5297397472392826
1.307418265706262
1.529617343492411
1.0454129609960767
0.8628263269615303
-0.16162039976671977
-1.629652096580139
-2.519863159897889
-1.9890036522699202
-2.5431697122823076
0.2794439068834974
0.7085116960043146
0.7080842399338373
0.28577976789830073
0.6349033933134851
0.7091529797823827
0.5444696708781147
0.7614566371828182
0.15356901099267387
0.19966386972378042
0.03510216949487516
0.04875934331825464
0.30955552144825876
-0.2952837013960154
-0.5232552264869965
-0.06904034079759491
0.797112590835632
0.9240545733158949
0.3876755686930625
0.5315597809570004
0.4307397806540513
0.8083623029510385
0.9539517437455091
1.0049978720891037
1.2292267907022307
0.4958518292197069
0.9444381209119983
1.3846665688717381
1.307833191288476
1.1146710177009733
0.7028002330424553
0.6987603540339414
0.8867792530907195
0.8252309181261737
0.9634740933429307
0.9513665233612194
1.1887896900848252
1.2539538192768702
1.1164788138469401
1.1775224621330074
0.5579507249178242
0.6911525612184259
0.9297869513528774
-1.5577486064802535
-1.5539184515459337
-1.0968172647452135
-0.18768317926680034
-0.8621030318936398
0.25089313137534003
0.4516658418446923
0.34654864826209114
0.8710314998446405
0.9116706501021481
1.0310233914558504
1.292843927151597
1.3235314638403242
0.9815974754817492
0.4099604302130425
0.4415631469473798
-0.7856068624076913
-1.6954843346627133
-2.372628615765387
-2.0989930976697493
0.04648106541392192
-1.9984680007521405
-1.9178595566201593
-0.6992450701982226
-0.48597584126336607
-1.7446844509415744
-2.696686862571604
-1.951713143309243
-1.2731534028066658
-0.7938003342349484
0.1710453011116439
0.09753998713052717
-0.1895083573518852
-0.45015516711610787
-0.7683841216797449
0.017237995302134115
0.41922871295412706
0.7445694675311068
0.8282528690350089
0.8698251631646506
0.9854341431291175
0.9913431220118077
1.0613656814995207
0.34522552785576277
0.4796397151641626
-0.3857417957021973
0.32311065905801606
0.5845725588560206
0.3056476767992112
0.5229187878008056
0.9674419913707453
0.7840967265905995
0.3678055628809223
0.9549006256023223
0.8759626813427188
0.8518807194857236
0.2486022299610791
0.2972641820188355
0.2594040907119257
0.2501192599872192
0.14574150149131862
-1.2291794408008312
-0.9313392726051306
-1.889142531191586
-2.138278289316673
-1.03747933602769
-0.6052431131473006
-0.45465236988337854
-2.1477462421904554
-0.638651061298704
-1.2178873884270716
-2.302424476336967
-0.12642440439732672
0.18877217731897
-0.15052731223190202
0.02866623286315244
-0.7614185581825879
-0.8285889871158305
0.28972024571510485
-0.9384928450905934
-1.40743279618273
-1.8562677503869351
-1.468100779518282
-1.7097495644281917
-0.2657310517687897
-2.4383577848770317
-0.7356024668284052
-1.6956220847603198
-1.5631692328168718
0.17471238078444698
1.1051839860565056
1.2881816415731362
1.263399700779424
1.1154963828285422
0.6940530697556085
-0.2718790914876128
-1.0008609985532169
-0.4431642477752554
0.3126204561128837
0.6865740327795506
0.8287269726601136
-1.1413193119371308
-0.28123892896289776
0.48848378751594757
0.624605026942143
1.0491478405537897
0.9810624774758626
0.9379204483696878
1.1792903333302553
0.8395262471343431
1.1854419720965
0.788573604019188
0.7902413875340119
0.7223677171980543
0.8015170447311837
-0.6188771865281086
-0.31381274343023513
0.3900483544103173
0.926476371863377
0.39449441857349143
-0.584071686846044
-2.813737192584097
-1.0134571801084906
-0.008956300929477055
-0.655733112609704
0.8995429506628663
1.0244804822966698
0.6130199431166379
0.13521013525065148
0.15797417909713843
0.21950004675547402
-0.6466715675064106
0.12824126817964454
0.6521100424883873
0.7722442119245427
0.40745625878901837
0.5873456078054562
0.5892164998679003
0.6821627568362878
0.2980131908936073
-0.8465179750201163
-0.3782387020637946
-1.2738212033821095
-2.158152435050188
-2.223738821347275
-0.5912885601848117
-2.184968827807193
-0.3671289635125108
0.49780356907964524
0.8242315561012191
0.690083265769313
0.4275955259744886
0.6720367091659523
-0.01388946098561098
0.5931860885637585
0.7851592577488898
0.4079238025058241
-1.234250909981283
-0.4705006830137298
0.07111547151019042
-0.05979723445963989
-2.6077686882165354
-0.6012287782867201
-1.394066470691077
-0.33449511272497195
0.4566828965038357
1.1193988024249726
1.1205509441334938
0.7202026921105011
-1.359437769107573
-0.4952629507851486
0.4676145612719461
-0.1429638102491339
-2.178237745270691
-0.24711175504092342
-0.31564447252811156
-1.050191348403271
0.32522157897165155
0.3181719519614848
-1.586563561124451
-1.8755510079367177
-2.5346254980019554
-2.235512060723014
-0.6930940408179456
-0.6895408214467158
-0.31483990379437216
-0.14071746095456644
-0.3608252507407458
-0.37530977898232704
-0.30001583551983013
0.05697086745947949
-0.5291549266245179
0.2724609184881529
0.1813347006764574
0.6199868119165491
0.5956495027882037
0.24015140711629077
-0.33245277159187375
0.017160635070745712
-0.3519095149921535
-1.5269269670322498
-0.21824655689116562
-0.35270070603491666
-0.5078544665685512
0.06648948647209
-0.6401567229216432
-0.1771218396619873
0.21714312914341694
0.8462891462878297
0.933696223194513
0.960930426799996
0.6993394653109062
0.8568602400599079
0.2047671053758751
-0.08199914679827554
0.09020357125565015
-0.26121235690450845
-0.26925627318198286
0.2866937976085312
0.39392519571970375
0.2672523820146077
-0.3013216481313426
-0.06926582746591974
-1.6703198953358318
-2.675798578790969
-2.4779872214891236
-2.5660881511279046
-2.4674802402359726