0.33132553014523997
0.21781323697203622
-0.08052934412221154
0.1813290998198115
0.35558646088130746
0.20869304915126366
-0.13023607991814523
0.14223473758381527
-0.029012439661691997
0.16005604833382178
-0.5482070312721378
-0.6178489231717995
-0.48952919650837967
0.15635713039862326
-0.3864924210422564
0.21849548951341252
0.4018942933494863
0.29040533410387087
0.3286479107840611
0.5931977607333625
0.5422056384532715
0.6206025445314494
0.7090242872216799
0.7395463036687984
0.7722039406073034
0.7080347723922948
0.8160082307711387
0.4825912936635661
0.4344618965097955
0.2915151955413551
0.10264998284345167
0.49185507305403037
0.40604967003468895
0.5640042077731922
0.5349769434884969
0.3589399040524281
0.6306202194152826
0.4148090077982801
0.4573884765997721
0.5031656051387632
0.5399366612519697
0.7803264567402142
0.6110776224397679
0.3066149126556689
0.2906380127864696
-0.048612740846285925
0.33236175773884
0.463413514109056
0.5069792399703736
0.3106852627931117
0.04913394985314997
-5.252325263683605e-05
-0.17025291794319647
0.2706482858585037
0.008818885018293898
0.2807291362882202
0.25229656622491503
0.10252931098981946
0.5372342849553443
0.6562569873213856
0.5747295584594206
0.005514234263208087
0.004832519770852649
0.02850191910195701
0.19692975537344842
-0.24402243973541157
-0.16292812419307326
-0.2935749347949183
-0.414179221601971
-0.4300505206875185
-0.2195985776025834
-0.36296476577093556
-0.10560614949104692
-0.14377646654290285
0.47432546589879426
-0.20107464406538456
0.13600083429116847
0.5130040939676501
0.6561607276635609
0.542488921334618
0.5683282305118873
0.7171799268030055
0.6696920257442117
0.3472188126311987
0.7222560583277311
0.7981948491476164
0.7840007546290284
0.8276615410308904
0.8126678473312764
0.8688624299345502
0.8618232594485835
0.8332056891140156
0.7143659980665947
0.7741853558430276
0.10588030516777272
0.2758795412878401
0.4788094016954164
0.5484436961833379
0.5542031397241983
0.5892688708053168
0.7290826153016964
0.6914830336164326
0.7236384236071388
0.6670372722391482
0.6390718577261615
0.7291405031238687
0.8677152927303523
0.92210398388261
0.8961183425005018
0.8583080154122613
0.7431941924742734
0.7271379709311742
0.9019525205953952
-0.2301171909425307
-0.546150538305328
-0.5043678994485824
-0.4753963526502689
-0.4118712500531791
-0.10447113336308206
0.14001156124051994
0.28398231721675077
-0.14226354346824288
-0.3605667894944076
0.25518786138273875
0.11514754210278413
0.21335661672679707
0.3658087042335822
0.6426291748672626
0.7285618888695999
0.4539503684053478
0.7345806727779176
0.9208183854506528
0.921946230836334
0.9173270202486872
0.9143981209730917
1.0396408099314158
0.8862119482676238
0.6921990821955119
1.0360180517783653
0.6948859050335144
0.7665697883950063
-0.9392116372752993
-1.4276552142758268
0.4295277527063499
0.7017468620418346
-1.293954485555354
0.6035586953407266
0.23791236756419848
0.682382889748371
-2.204217081410332
-2.462863969459936
-1.4843813782457076
-1.1914490339818267
-1.7753123582117047
-1.6905523170843935
-2.382588866989469
-1.7349671921652383
-1.512461514086191
-1.363389438719465
-2.272568057166982
-2.6113844531509196
-1.5503528368626478
-0.6402516226336693
-0.034009286880701206
-0.1797291877705733
0.25420505402006865
0.6129850717902058
0.598040884152329
0.6801639069886559
0.7161835504723987
0.9683222337427573
0.6994591883749222
0.4350800186678502
0.9628007744546564
1.1519523788372814
0.8911957191450617
0.8944618682768889
1.0061877231547602
0.549689020239341
0.8689890084603529
0.7667634192269116
0.9144926389342489
0.9245468755987177
0.01911282459777987
0.6629835124952165
0.7235422510083784
0.7711430281378807
0.1363234856425625
0.6017530320639082
0.5421612812645122
0.6336913554197148
0.8360605498787747
0.7463072466026822
0.4736667745698498
0.5830073166109626
0.27358626224281934
0.04514334921957523
0.3588328625795511
-0.713673466563027
0.18357845396251235
-0.2779589727302511
0.18155610296198244
0.24764172417358873
-0.44305545687226033
-0.4708276667180575
-0.06073599588955373
-0.4301614437453676
-0.143361893065552
-0.3106226484953193
-0.8108948925974839
-2.2376689749018897
-1.0781337012630923
-0.13166055337525823
0.15805867485906633
-0.18537206725147395
0.2208139414334567
0.35748551738943224
0.37737895806999183
0.4658463321400095
0.3779926624027015
0.584628853987094
0.7868103131864939
-0.23462620805596193
-2.4036575583958166
-0.5156868667075875
0.5405887372104557
0.34373388023964374
0.7186588932609355
0.38838209407354546
0.09619769840546723
-0.04116839235119897
-1.0400891419157234
-1.7411472180571386
-1.7096787899572237
-0.8904778863606445
-0.7251904253006304
-0.8395360251295202
0.08474565105544728
0.14497188349436776
0.15329775759100353
0.4230238954315009
0.42877832393034676
-0.6925681487658876
-1.850226072086816
-2.183548347247088
-1.0081542684969618
-0.8835783973235852
-0.4372543871275435
-0.7150364403214751
-0.24599690037326888
0.4709497083947905
0.7090778630454334
0.11079971264043677
0.2826774389934134
-1.090428602163581
0.026687539016844244
0.1421501937657785
0.5692962879836493
-0.47269797880085057
0.2582249832889811
0.3718871454361306
0.4476651051335733
0.7690115236809537
0.2874418507888436
-0.18033652896048896
0.9027781752826519
1.1038571685095047
0.6347339078976816
0.4426461413541057
-0.18224016676972624
0.5428055067791702
-0.05360151333889175
0.15506771265832733
0.04280655166628718
-0.20137132165064048
-0.6640726438142391
-0.026632304463926792
-0.6665079574646441
-0.8468200104173386
-0.9390047809471519
-0.45396244152138077
-0.899484421875574
-0.8715393219125468
-0.9868301008203257
-0.7617478997478928
-0.9582753975250206
-0.6923105577076437
-0.30462813855421317
0.17276850006071548
-1.15039629876934
-0.6414020477879866
-0.6094863981433182
-0.08548497173746758
0.6296828897251511
0.06181392029337327
0.28275984061131443
0.31812653871851904
0.7309334468774431
0.7840759870984291
0.8080645909162472
0.4188249763483372
0.6955756723860264
0.18430684125690278
-0.7673092509850534
-1.5600614611359451
-2.2517912422517385
-1.0659555683472
-2.8126270197678234
-0.4672946645823762
-2.732423981322074
-1.6775834670616396
-0.48678630504866033
-0.7188214101495243
-0.10313517910328802
0.28560987729739307
0.2529613113324921
0.4384668769920852
0.413051253461663
0.5303825222414313
0.28622812801127795
0.15352736923994245
0.31647673090164113
0.7071692459348199
0.7447225947818025
0.8828287266635113
0.49081964236255843
-2.384820796634521
-0.45355022600260286
0.10105243625453635
-2.7542740174613187
-0.10023412514049702
0.2660114961485299
0.1681499073385544
0.0038785325477572567
-0.1456479794891827
-0.32681049303169657
0.14754285223798005
0.2830038947307932
0.3935282221667351
0.22833212961780475
0.23008998748946916
0.16478737971503735
0.5560818807303801
0.7563499309247277
0.4433377798041947
0.7151893574244118
0.779049551823891
0.4093338926819139
0.5641433822024987
0.3734953848307043
0.38436652731538556
-0.003647732005878767
0.3272012722117974
0.621574924739263
-0.7841719267443065
-0.48896829977026834
0.33518814122924545
-0.5043102410121508
-0.0797935329849484
1.0523366924831854
1.0798884553993766
-0.45579720498249215
0.22864947807671035
0.6325949232897332
0.34024212458079317
0.7985636206861342
0.6609132622659426
0.4258462490377044
0.046370134852593774
0.7416077360099104
1.3968824485681077
0.3488160061904715
0.4174357104380283
0.7660656807877007
0.7524629181769141
0.8886392017182488
0.8244648392461572
1.001157712755471
0.8312849690564436
0.20499660034837497
-0.30128879372614265
0.33126122774003536
0.5718687157429069
0.6768222191305796
0.7311682791518098
0.32768086192835655
0.6066513768179924
0.880567760160289
0.6810433626935161
0.7155520312172631
0.7478465797821283
0.399692437299772
0.539800618029906
0.4536579641656613
0.7318952454134905
-0.34054518275334644
0.3529062432638712
0.6302375030678521
0.6713860017858926
0.5171863404219822
0.11956264797876696
-0.7001110206898351
-0.2895126997742598
0.2949655050466426
0.6349545080903843
-0.2343489127742081
0.11074122193292169
-0.17999584145432343
-0.22544218748939854
-1.6235422676367932
-1.3294546981799786
-0.5809811059169165
-0.03930051965592355
0.3064366095607117
0.08881028704156042
-0.43353829423931456
-0.36849181719582813
-0.21568552766025864
-0.3420100865694555
-1.610113117123099
-0.4230012231822848
0.15603453735062928
0.14677885379073147
-1.3420131135962707
-1.1156743104827616
-1.4503089168652805
-1.0554436471152984
-0.733021300227487
-0.8324601296645785
-1.267555320544477
-1.652612992947652
-2.279764556983165
-1.4775005017892868
-0.8629582397595158
-0.47626002107474147
-0.1741428194650182
-0.40180627672713276
-0.4186808882296701
-0.9348427503449496
-0.7449589044432701
0.04540004852284508
-0.8041834641451862
-0.6543731227530053
-0.1569376630703449
0.0579324250085165
0.6633249419581525
0.31904229119110183
-0.6214102622154565
-0.028257136848343058
0.41170367890126336
0.6903376047286354
0.7639852599635318
0.9351930955169078
0.7365201819527096
0.7669250675380305
0.8213295463182778
0.398048904288009
0.6838585548111433
0.3515863582973839
0.28751795041824185
-0.9243571439917555
-1.4088043351704198
-1.3349666684949875
-1.3491547497558374
-1.5863633821041387
-0.9911757210454895
-0.1745760700210253
-0.8666967878227253
-0.6535628701863329
-0.6716722089384243
-0.6368257125192543
-2.26597267800626
-1.4942457640249607
-0.7313572339478005
-0.12531861349400114
-0.24266069245071825
-1.62674969610245
-1.0692179309232233
-1.0371472983923855
-2.1081901541132284
-2.131084605880864
-1.463060513318532
-2.122238125847926
-2.279855033715088
-1.2544451461748052
0.02542775917885068
0.2779190293897393
0.09213121404564528
-0.21931496878509052
0.3116345978282986
-0.24714307098219856
0.07504052293652615
0.5987473637084183
0.43319532262907534
0.39140687988372136
0.6145180453409819
0.36134825353097144
0.5604281847191891
0.4893402863505492
0.4829396734246142
0.6192519993106591
0.3183042802452164
-1.5698970029392196
-0.7526502474300434
-0.589006327455537
0.12820597203227724
0.18336074098660649
-1.001422785919609
-0.5607714087188038
0.3237221679458997
-0.17286475587634864
0.6254553423954017
0.685726466640619
-0.346672345996903
0.6782481268907191
0.7770337835528548
0.8978854530322323
1.0709970743194195
1.1366396227210456
0.9258756742669967
0.6505864256869398
0.8073077884196245
0.42206211938692323
-0.33607402087794885
-1.6976119139802779
-0.8612436948084727
0.25471272074632967
0.570815601756708
-1.6080347820402023
-0.7758063522321964
-0.48705524052216753
0.0982446856280028
0.4144253374529485
0.2799804837482854
-1.6914982083757093
-2.4747892123527135
-0.4450566050288025
-1.6479375514333456
-0.9165874846467887
-1.6885185667990257
-2.6136597560620647
-0.9779434995207353
-0.5644647353094565
-0.8850766991963421
-0.3384366919741829
0.35231995278811934
0.3602646343303991
-0.12157786586023195
0.30615846590989326
0.5756737603049366
-1.3791106317361703
-0.46982213617763413
-0.1060765061671465
-0.34631323312840895
-0.4894129828577074
-2.106332514324485
-2.3763078646697564
-1.570401657630369
-0.7782772174444356
-0.6755057111200914
-0.3520051033743453
-0.3206123003059343
-2.1032185561356735
-1.430426614481824
-0.3264510488498415
-0.11878876847179519
0.11365989798218665
0.2939588352244507
-0.2242111181850849
-1.0041921338247968
-0.7685630797116163
0.2665252462000135
0.38061445893942003
0.16347876988862495
0.2139141615692791
-0.2848276107575164
0.1317388859027983
0.022252739209778567
-0.01666134886399522
-0.09250350806303786
-0.3909240363742606
-1.6681504190960794
-2.1122444552493946
-2.37345817317889
-2.3305637693838377
-1.390401537552745
-0.6798108710411781
-1.4854012938958912
-1.9568886039767523
-1.3658952240238986
-1.976654903345939
-2.132634815472718
-1.9179981184801473
-2.062779872361073
-1.8720411235658394
-0.08185749537752823
-0.9480231219620959
-0.31949143384083634
-0.16720618124924233
-0.8108081044825234
0.32430858971533644
0.042491837506910816
0.3641208079049411
0.7679371093154393
0.8260776099690265
0.3941403371094377
-0.024500918936515702
-0.9855462740053532
-0.338098109798313
0.0509498828957679
0.29585311780915513
0.15013072837389838
-0.3463229073046624
-1.5837878516694754
-2.0136840806269865
-0.8230666260484868
-1.1633398202186598
-1.1823730626590685
-1.0270418933560337
-1.7657793764115834
-2.421322370581617
-2.5722722075634934
-1.467648181195376
-0.8792340687535072
-0.9474597573910801
-1.6113473211211824
-1.3027255570851513
-1.7618744411456224
-1.5760042936987875
-1.8508599539700161
-0.9565286948133255
-1.1138274589786434
-1.2016229850567068
-1.23062718287748
-1.7970402877465663
-0.6790666497410464
0.0899579907217059
0.49884150252613163
0.5544533203461371
0.217426032045059
0.2995171388947686
0.2914806734654979
0.18253972885837563
0.43412819293636556
-0.5101940380923624
-2.6630871793639317
-1.385032462270271
-0.39338865465934747
-1.1165915320327244
-0.9505247713166076
-0.9201685636845668
-0.3855622292953886
-0.9836487956027209
-1.1382970022191645
-1.1101793062541412
-1.8209539135309307
-2.4577533969632706
-2.3794452533026043
-1.5951252101017077
-0.8950407869947629
-0.5567053332380985
0.0566599987334647
-0.2943133607222965
0.16071101085603692
0.3032996809208676
-0.5835790266411585
-0.008572467664354261
-0.19875449629482492
0.4765671316868231
0.07500416359207568
0.5952145752194221
-0.06709411089286381
0.5008259700199987
0.5625537906180139
-0.03778855477518832
0.23545296794805295
0.3089466735454588
0.3709499143896944
-0.4270849695411791
-0.05037130510129975
0.24613722575956035
0.3601840459732728
0.40383655840142557
0.6023759219992516
0.18991861510059702
-0.1070388667825539
-0.4276290209289587
-0.4520652308799046
-0.34884489712517774
-0.25848638236132515
0.35629175762981447
0.42492255321900785
-0.21777758597304325
-0.561466587688649
-2.135369344757025
-0.143337391343711
-0.21366882465199857
0.04045550834825162
0.052248133146657716
0.06806389879224524
-0.7269532054775928
-0.8458835165652863
-0.8223245605831558
-0.10097147847257773
-0.4711887982142981
-0.025332623076979723
0.2359143701625162
0.43098711064954826
0.27528353213578205
0.26671619379702405
0.38197234846233963
0.20616367015961826
0.3033291312321732
0.021919798956026144
0.21844097715180735
0.3608986436161196
0.4937658879547295
0.18554323071470163
-0.2508832278611326
0.19251191454812916
0.3625676310471116
0.24809275590898974
0.13917044243356044
0.02825943236052508
0.3715570345543392
-0.09118335870547975
0.08111989411900239
0.25047325589361324
0.1916665016769115
-0.7852121079760213
-0.21690419199795322
-0.41421275288812875
0.06473752964223367
0.03605280504005264
-0.05327438319543483
0.13253584428502127
0.13272883293930354
-0.22732491681336636
-0.4302117235999067
-0.6377469594095372
-0.510704866010048
-1.079329935766612
-0.07441041772347178
0.5294652482626651
0.284740000731772
-0.2639513420761005
-0.44930801698161466
-0.8031756359177252
-0.6181195460609876
-0.24393797308648615
0.1814148463515978
-0.027606650878371955
0.1812594791408085
-0.4386505622428801
-2.3148289512303646
-1.6422617097678092
-0.6926214676020641
0.0902622205593523
0.058236046256899245
0.3128827902676808
0.1384828936925318
-0.08294486683774888
-0.1722757469578835
0.0829644468403378
0.17739345060451422
0.19512355759253092
-0.4578552893778613
-1.0838804455338866
-0.36220966339645355
-0.3989025501830509
0.1528315438224728
0.024616704834659265
-0.21778626094063516
-0.1087660204177131
-0.13888737407408033
-1.885270715523063
-2.4775455757506055
-1.525556286014884
-0.18800547737701634
-0.012181887315793637
-0.32437599216410257
0.26105782598474464
0.3446708142681924
0.3863351828538727
0.1480696265445748
-0.36487908434767496
-0.4395975174266255
-0.17326396078532455
-0.7319565085235338
-2.220783061487028
-1.0554193126818965
-0.9120989923397808
-0.8588025701537012
-1.920062829593507
-2.319473580909969
-2.099292757552124
-2.2594744970215817
-2.357909392088863
-1.2863032614307506
-0.2691930575957883
0.040170070606773585
0.08407657907486416
0.2066034715786399
0.18048680285368945
0.1568501225449042
-0.5257793882744403
-0.5600225519574696
-0.2690398329492068
-0.06268513864032241
-0.3052307554566567
-1.317768475079032
-0.8993939841318651
-0.18740825248205042
0.2168784794442945
0.5231217084875207
0.5275676144843812
0.3361413363015502
0.5445140799176086
0.7582746245480989
0.8991206267871338
0.7670498902261693
0.385602688163965
0.7560732063199593
0.793878364039535
0.8439999856873862
0.058295950098831706
0.3854881810955793
0.4097408245489076
0.4317119841277321
0.40826404798270366
0.37495337363088616
0.18944387261180293
0.39213830873195493
0.3890207976166409
0.1978351122786961
0.3728447313770887
-0.10560778201708083
0.20039630928599567
0.2086475201676982
-0.009048249329506073
0.3868884520574053
0.43003652927700525
0.48252421318938726
0.021653104801088455
-0.28533051563773904
-0.07765189981933804
-0.6294043262843331
-2.1004095688220588
-2.344337610044458
-1.1492504373310506
-1.497642940582673
-2.2819033966602076
-2.5194697343442707
-0.8761428161404723
-0.10675349027773506
-0.1970536248518873
0.16303668744096708
0.2543449673406874
0.2502964496105491
0.22358858482158928
-0.8048780661204833
-0.7400585053959403
-0.0703670011412717
-0.14752989444922474
-0.19128608414880063
-0.04111383090488055
-0.4702382438994661
0.0015440263447141288
0.029670929710329884
-0.743143729754759
-1.9532379953632766
-0.9397055904584515
0.3178804895238167
0.1579861983374376
0.2523097971335563
0.3846786367309018
0.6422344371068609
0.22191515903257084
-1.1025542756401652
-0.49498606105622533
-0.07543732213107511
-1.396522949060023
-0.30230967028956257
0.22302945011605504
-0.00011845222887572811
0.2639648031581186
0.18554891515047406
0.2387768344997271
0.3438435469752497
0.24867908374023343
0.23238654422243937
0.03883613200816396
0.3227618447157983
0.159185858801463
0.23874050201443017
-0.2490953306719987
0.20009664695962265
0.24438146350785617
-1.6701532808748658
-2.2873029497055324
-2.472233907031877
-0.9236013604329173
-1.4327175926325244
-0.07003091017393398
-0.11669699842933484
0.22739230614304115
0.10452805654801181
0.17520289184831486
-0.058828743301963894
0.19301264379636213
0.25211809886752323
0.19211939808178052
-0.8231122147181592
-0.403068138791974
-0.40578792119879004
-0.8475508179993257
-1.8173218838003715
-0.7433565422218421
-0.033401652936865554
-0.5642540826912263
-0.48183151311430067
-1.571708623858144
-2.3699586528526924
-1.107590257253486
-0.4540034695603147
-0.342883919522711
-0.09791178130295247
-0.3426645014624397
-0.4799172741246192
-0.3142544314975555
-0.11266695027597147
0.06211243642391573
0.05828154452281302
-0.9480899211197481
-0.3461863633586792
0.16863925639611613
0.0742255305773662
0.2622362280720217
-0.1465083264065175
-0.29128436296374344
-0.5589243712549181
-0.6091522348491385
-0.5601695997959426
-0.31033730093746753
-0.2933046521166106
-0.5164592873881059
-0.08665218920533248
-0.11243661785087236
0.26228578530168634
0.7820761038204251
0.7975298479544736
0.7739372382401288
0.684247937205837
0.8359738936634603
0.4819897046349232
0.18680549895727003
0.09780733810305028
0.19204349813210694
-0.43293460170067627
0.23677053731903755
0.13884459067391847
0.22720893353148805
0.49502567027388683
0.6286066276608747
-1.3204440458446927
-1.6985327627006517
0.04055753763338111
-0.8859993060672091
-1.2747079200277545
-0.6734160246743416
-0.8477508039436039
-0.7692641947434022
-0.2674180568287749
-0.1760012619059061
-0.22693885390638505
-0.32276885209496803
-0.5751949337753653
-0.5399150440439214
-1.770229566646741
-2.2679768610512188
-1.5614197933292189
-0.21391928393927334
0.23862792684193662
0.2325920959733933
0.2595734622076764
0.3502463169138973
0.5182669110834666
0.5337050571985186
-0.019417980446275674
-1.2866481496471873
-0.14076129137946142
0.3507427687609905
0.28610506063945157
0.20695427487428886
-0.5287321582902255
-0.29173508999323944
-0.08836216969600451
0.19562987536149962
0.4008287947900958
0.15006734993886026
0.5395556869621393
0.4129795380530077
0.19335265264413004
-0.13757495956893862
-0.2804164911541267
-0.4942005013554532
-0.467958693410372
-0.2944966607996429
0.03836522451837509
0.25256931480612466
0.15162139843551328
0.45374009486600897
0.7257546099403439
1.0560664515847447
0.733338266956542
1.0066569676577972
1.1122404013918288
-0.39505217692007627
0.4864085152877167
0.4926192802463946
0.5027011627803907
0.2247226975187416
0.12623368479041097
0.2495401999639939
0.17367453669982358
-0.28756400330313187
-0.3560772638836986
0.03265940825149063
-2.492621827038826
-1.7515103104606837
-0.4249112250386259
-0.25034144526230495
0.3357061695183785
0.4123610131275512
0.4326191863682054
-0.6682310409966173
-2.3740893474680975
-0.6880854255993955
-1.6649409637891104
-1.5116420417688445
-0.4314559104957189
0.14095853682536744
0.40718448820813263
0.3015816900209172
0.1745976160506075
-0.6606249360299999
-0.1407272640896121
0.22509171459752225
0.14469364748203797
0.15244635506691806
0.466072527353853
0.6738096883057098
0.23568256513751157
-0.313785950544239
0.07220106692919057
-1.2440601619495046
0.0349636591541658
0.21513598297539027
-0.2844675492507296
-0.5441659000375355
0.3133073611645639
0.43517646771511814
0.25816654674750755
-0.6170271090141676
-1.3301689413660809
0.46597343327024215
0.7388718678224376
-0.5024384298867671
-0.4529892357633933
0.1444673022677796
0.457740917987724
0.6392311821880182
0.4514718133439591
-0.5632941039415936
-0.2996004959954049
-0.09217960743803082
-0.24148480945521505
-1.5871743616839171
-0.3218977954644918
-0.3736496063154704
0.3048105941270279
0.03348202733947017
-0.4198702066591893
-0.6532543301630019
-0.32455194471893994
0.4130521629835734
0.25270571843374917
0.41130194512912205
0.7719027984069412
0.9069691880905418
-0.34823409126501126
0.33007113471665556
-0.5366645464602608
0.206103491457359
-0.38302023903404353
0.6785632769481071
0.411885820711971
-0.4299331128918445
0.305255061513161
0.19973290466279758
0.07786935197957032
0.41657873779659826
-0.2690270461433844
0.6751123087588313
0.8719874080143706
0.07994659749322118
-0.44505931575264823
-0.7650959344844388
-0.8766531983125738
-0.5022547140089597
-0.6547158044556576
0.018910609531910073
0.004941022168123176
0.275518106253293
0.29022934344287543
0.03692488040947886
-0.3698557665158429
0.2534482930746539
0.2131334287101143
-0.11786572588527498
0.34026712824227345
-0.00035808206624668453
0.5441514956542732
0.08945762499865595
0.6246219208516982
-0.3443702998219851
-0.47230618126821056
0.16579026795102364
0.1755337944459574
0.19488609850316782
-0.036722618889910894
-0.23863594131208213
0.003977269897929948
0.20658657629084018
0.39883458714272046
0.6919071231060842
0.7335955369196173
0.28622167353113076
0.7468883455552079
0.7528765563379362
0.9107634190121023
0.6456543903673185
0.720197757251654
-0.9112935793368782
0.058301950434307935
-0.7844201473210364
-0.1708810844890135
0.28477046107186293
0.3845948629654123
-0.15145609052495168
-0.4037772131472083
-1.4393200222477514
-0.497555244176835
0.004093939694744809
0.021378199185507478
0.14735707804731765
0.17813099029929175
-0.09204871634591083
-0.07248256553894421
0.0034944825432147724
0.18278096371401945
-0.2111363861145482
0.4031875154788181
0.24694604682963311
1.0280446572778568
0.9053319608406301
0.9305741024729474
0.8610817000800942
-0.22965009220804833
-0.30284045548530397
-0.1813883804117457
-0.01639081209515817
-0.2116505148431908
0.4959388175637924
0.602916255987854
0.786925620275658
1.0855636839627905
0.99408674725199
0.9095339976295381
0.4237691214467173
0.8686318870764462
0.8865042014818021
0.6685394816960355
0.2572201979144769
0.31372189642930565
0.24165010405665108
0.2672011103436906
0.3806218620965339
-0.4740665579892551
-0.21687864947640362
0.21710744290822354
-0.4048546684012774
-0.420554051363391
-0.5636391671161634
-0.30920562888130143
-0.5898410976099021
-0.3063951148844188
-0.17594492765067998
0.20466282001806407
0.03362592675354684
-0.2086527445770755
-0.2586888736229413
0.23926409386679018
-0.25779581496278314
-1.3176834771318442
-1.626492450097872
-1.0302896471562224
-0.7330271543406514
-0.40066956627688327
-0.35742897476188207
-0.49775232325247365
-0.29342488157200797
-0.49496854906440074
-0.3679141187356789
-0.10030887504837503
0.04292070666634332
0.24266842365425997
-0.08951132188359384
0.03328468343442389
0.05276015945504775
-0.16218709696640715
-0.16996078909277496
-0.5508019064637516
0.41463561981898095
0.4638646226688109
0.4247305786795853
0.49139573292671906
0.49461567761595804
0.2406949222909008
0.4128638968085409
0.4266576543921096
0.5057359738146953
0.7406091049092312
0.410944092378947
0.39148963809602094
0.4125003077656109
0.2699321350459158
-0.3288575264807715
-0.3278101627318627
0.06933491226801981
-0.3659131641081257
-0.3320921857867174
-0.05551514692703728
-1.4939057100455873
-0.9277426088551337
-1.9700875986820143
-2.059515022617478
-2.0535980317361475
-2.1414342996069267
-1.8569973127231765
-0.5378259073445505
0.12478692830434214
0.18388172554560087
0.3138593979372796
0.29727618812286877
0.306964694934892
0.4694894819649521
0.5362548769757148
0.408186870977526
0.24037810822802266
0.29070031279660347
0.17287959809932643
0.37906138530642836
-0.22078862291932483
-0.2541254481048759
0.3193168456598067
0.3423653101047975
0.24202286249275287
-0.4811553814143756
-0.1288273834989036
0.09637018227038738
0.37405676462943677
0.40942023859187615
0.42629225762338036
0.6221554227217545
0.4356756991683285
0.3678907557291004
0.4731167936246426
0.3992462868261567
0.14662366572434285
0.006312740894913725
0.44799664392513844
-0.5400619667786418
-0.06616856949220355
-0.18955072311823554
-0.10175131440213536
-0.8168390850498186
-0.5068596249454306
-0.1577008726854377
-0.8699171963369584
-0.22238376398508455
-1.1075551005269304
-1.7822441332122578
-1.2514595213587092
-1.9653761525814977
-1.1435586685375092
-1.1452132060113087
-2.4546571846981093
-2.494157248051342
-2.441528099110306
-2.561749583769582
-1.579619432535908
-0.7414516091994149
-0.19297813657046775
-1.4295998650052242
-0.5140576344169295
-1.8657635344073689
-1.7426089194350818
-0.6242845613902254
-1.8073846973827496
-1.2615771348755485
-0.6554057681474492
0.45727347717041816
-0.4804511094892939
-0.6590677750051267
-0.622694154256019
-1.293194951828838
-1.2168391144551163
-1.0391356947719514
-0.5946624046606055
-0.8979486908648951
-0.41052922361354555
-0.276054030245587
-0.2131056069455114
0.0567630590340754
0.3531159587501713
0.5383225386457794
0.6352306645966301
0.037109120995447255
0.0013808685396985816
0.019724166937776136
-0.07348217129275068
-0.23299616037699483
-0.20086994617740048
-1.857834181084296
-1.9349211195697034
-1.1098902570972329
-0.28857033199078214
-0.44159751390898805
-0.4037060193396558
0.26984689427051933
0.37267873919283584
0.43780586678812206
0.5603536349222273
0.22612178637230004
-0.8338411753508822
-1.1914161784705646
-0.3615762305653028
-0.028332612635258363
-0.9786509496619942
-0.9428975520974949
-1.2218003867161606
-2.0524881327502658
-1.9903044697929413
-1.217573999899166
-1.377308737950698
-1.2726534757437595
-1.0562625077445655
-0.5064792139387135
-0.15320185034938652
0.12059284725214904
-0.3309410263281593
-0.7075891292968347
-1.1082428718939614
-0.831038963806173
-1.1404170978568389
0.02235122131121945
-0.05707240765492349
-0.8553578762051254
0.10945213117871237
-1.0649444629068336
-0.12287174161764781
0.48952779367068044
-0.7515999191229252
-0.8912674358136466
-0.5985344393434533
-0.10197300117852412
-0.8130842766688663
-1.6203973350295657
-0.9858994680010279
-0.7597245250324454
-0.8292961800874372
-0.8990898510650775
-0.6495356507737959
-1.1422369375940227
-1.791652966765098
-2.4374854423554404
-0.7210183444743692
-0.17811952155520325
0.3963059012101803
0.6769151530243199
0.059011288901517564
-1.1925827573710845
-1.9811574839255477
-2.114018182880331
-2.752843081374278
-1.1395803608311632
-1.3764534447181163
-1.2127522321603836
-1.4667283211200124
-1.2499568876672664
-1.8574817946155737
-1.23772477405462
-1.7090976975316705
-1.609558949669791
-0.24864721183739502
0.44254694427709973
-0.10590184439930625
-0.20976768603230472
0.4519025161417944
-0.6353641453815693
-0.14026866308685282
-0.05770214931957811
-0.33248737528634953
-1.0322302430723909
-1.2504244676113354
-2.426807306793995
-2.0621364436427783
-2.3411932448005786
-2.5321395338037993
-1.9732807274881294
-1.1144265149179606
-1.0184248972480112
-0.44946095556938015
-1.0957243989426524
-0.8737557742920699
-0.14277512168681555
-0.18548681794416477
-1.1753794163607971
-1.3364734350576084
-1.6440012568813107
-2.0136282217467643
-0.7179527979800485
-1.4035164940822809
-1.8740996280302438
-1.5149512637095663
-1.9427829821768565
-2.094132601517298
-2.042099241521217
-1.6392721577783644
-1.4658651326506695
-1.68394944063802
-2.1107518221660153
-2.117643972984957
-1.2660031326129475
-0.5936678655051901
-0.5910057290343211
-1.1176207148920947
-1.823037853803745
-0.20719765658439895
0.024125361898019018
-0.030757097927116603
0.068144936376477
0.05196948723355154
0.47545239899195935
0.6818715261493569
-0.01775228810919056
0.5782233988988784
0.9300336247647678
0.7876981313657707
0.9259618163344753
1.4944483502422061
1.4360963665972066
0.8366688153143726
0.8971158573962322
-0.027982979208524928
0.5738885121692265
-0.16515680797763657
0.5537818843939188
-0.037901138986698155
-0.010573042344838168
0.5249895280079372
0.9123977071000774
0.7790631178868012
0.05983409097605155
-0.06320348350016519
-0.8853830351260416
-0.11062531629075069
0.47855633938364944
0.08431987178083186
0.13385832640563336
0.043425806830866956
0.27740917760213485
0.7792901587232182
0.6848447444060833
0.7581805912523051
0.7709159459406237
0.7033979936934821
0.7722540596099434
0.21961808929051788
0.7933196432073641
0.7633769239904433
0.6576603103983409
-0.6263054245967684
-1.1504869264892508
-1.7129927464707773
-0.31280431045269774
-0.866066676572954
-0.3427795193256699
0.44572251616228853
0.5505163030242828
0.28702149071003863
0.5734207485053993
0.2500930782959215
0.9906080330832321
0.9727399688708867
0.6527186900625856
1.0129242719549068
0.6609169035632977
0.6404682273853394
0.7743562069049864
1.2497839331926726
0.8904417461789195
0.49848043332195857
0.724096260866055
-0.5640865007945755
0.26418977486861844
0.5478603692986526
0.6587586685006457
0.48685504219397546
0.4617135791762617
0.15327930440268941
0.4679636653304223
0.4864409024665351
0.5748732941189457
0.5062913998930653
0.8984444555660169
1.0099977709741612
-0.11164836977843125
0.6419554550919604
-1.1464817678631636
-0.3080517495342624
0.5601566660075857
0.9184051097732499
0.8027020309239782
1.0878284715007145
0.9956882968371392
0.014558496486265768
0.6202097703897334
1.3225141267481102
1.3173748936383307
0.8186796391400414
-0.09745605090639883
-0.785901776319613
-1.6889416154744938
-1.7789738085393811
-0.37213620706221623
0.9090602830920091
0.7617187248204119
-1.0288889219704094
-2.2354008416412445
-1.806126350747135
-0.5727096362410842
-0.4854572317891476
-0.7445543761462403
-0.3984462279050597
-0.7379550932782712
-0.1369356347877189
0.6075901987321006
0.18960305703113628
0.6054881238947556
0.5508024449452974
0.6095063118702315
0.722884896138789
0.5773763483481164
0.6897169964916694
0.9711718244891585
0.9137623244822336
0.951449466445018
1.4423581623009514
1.5294694547090546
1.083482978505675
0.030857294006234198
0.13679860139174252
0.13876613764983387
-1.174898780556926
-1.5980993096537643
-2.762271038487193
-2.8656944286421218
-0.9435913257672158
0.13267305052213127
0.8284303552092012
0.8272771450925637
0.8528185086661154
0.7567345769288987
0.7269250914295684
0.8000169714625245
0.8102218794127604
0.8692411682310726
0.6894666378357631
0.09554726147268579
-0.06103759175854898
-1.1536608987375863
-1.6682157485345173
-1.8067324393123065
-1.8672808030732484
-1.123099310055453
-0.8913286622949924
-0.7551058654021197
-1.8555499489853031
-1.0580964410833869
0.018548686485478135
0.35791902698249956
0.7678717044434878
0.24968598464180886
0.22455506399374037
0.1707853736086409
-0.049053560661732415
-0.19440534519201366
0.08523785306759864
0.26163022291438537
0.27561008863281117
0.6139316357801424
0.1823385498093
-0.6481252533617119
0.5558489358525189
0.7292335607256022
0.9877249021867682
1.0586633968627144
1.2858105160714626
1.4518485916054975
1.479251109292359
1.4626665331970596
1.4619718128562762
1.3022890138091738
1.2735398478024038
1.1643796088327478
1.6359011775603158
1.1752145922819315
1.508968000642951
1.4848633890899794
1.64759770600373
1.2592418695452765
1.653096737064423
1.6915030152822543
1.6896404002124843
1.170473159804682
1.644951216996759
1.3407991474674705
1.322540463596091
1.261374473297704
1.3317316847117573
1.4618599077539007
1.5214917750403296
1.5599404249339588
1.2597106948782437
1.7365157711218173
1.1150184505315466
1.000882325775873
-0.08842170248169895
-1.5611223321281134
-2.5481434750274814
-2.034600359629431
-2.8158362849886256
0.18502672425991068
0.6776022172019437
0.8616485277926528
0.3073647234621273
0.8197232686371242
0.9384726979450151
0.4912371209732266
0.838361091246662
-0.15530172464808537
0.16870740705516116
-0.11180637295571215
0.1704493377725396
0.29678242923783027
-0.41600509185765666
-0.5847851906807026
0.05100364842197982
0.719007670211394
0.8767613059674794
0.1836030855742705
0.45295078691296475
0.39611704834306777
0.8409902087511447
0.994887395311577
1.0391423798272075
1.1095128647642667
0.4345583691712432
0.9776698192892029
1.1357377127467552
1.1633022533976751
1.0900573820324182
0.8704502475228678
0.8549022884868005
0.9033467271243385
0.9669971486911005
0.9819038510778079
0.9589596311646287
1.051491420960357
1.0811223141936934
1.0779351174344758
1.0987490233793198
0.44681300171869653
0.864934714311382
0.9745946191772271
-1.4776461309308382
-1.5563285178944197
-1.1571601204208433
-0.5113404042335817
-0.9780498755927565
0.21986198558737302
0.2654417457858923
0.18982929435302184
0.7861471822787617
0.9567097946910724
0.98754796826873
1.1314752256669651
1.132960020595052
1.0554211076057947
0.4101042432826491
0.4326992093968189
-0.8162867854409233
-1.851973680313228
-2.335227128981599
-1.9040218469080112
0.21496569984715613
-1.9305311223438768
-2.009199359601238
-0.8074154364007893
-0.7844539348156138
-1.4306901623960497
-2.6228150679291913
-1.8831177184855359
-1.0640712258728453
-0.9284655573258945
0.026451973532003778
-0.04420787448861417
-0.4294153374690953
-0.7504744312772472
-0.7715811626419804
0.021702865685264056
0.483580939800113
0.7332963153567464
0.8192029381630659
0.8202759919927111
0.8431816705577337
0.8662748238492524
0.8835123010828683
0.2410478945519545
0.387536893189301
-0.3948060705955535
0.2776819726395743
0.34264964335355047
0.289444254912877
0.3907620108508323
0.8193561291253917
0.8980614981935917
0.36564989269420567
0.8819178735915182
0.8931356662879552
0.8830011661664019
0.18512951076752623
0.2849808317600085
0.1815628718203074
0.2272921962039181
0.24194477354058894
-1.3171251505268637
-1.0280361130243478
-1.8643481411630727
-2.332221238908135
-1.2880010861971511
-0.920090312649965
-0.8882648956037105
-2.345534540166315
-0.5699187102176749
-1.0770930426259817
-2.157459475393658
-0.12841737265437725
0.001612719661215583
-0.3234779175867505
-0.2906533912974992
-0.9705948776987078
-0.8398246375588355
0.1442823819667515
-1.062379861009337
-1.421639903989674
-2.171951927593968
-1.6296346476778016
-1.7713587400963247
-0.6882755389936946
-2.7472227807818475
-0.8009585768912881
-1.7988188620966068
-1.4693871186432583
0.16981959665444302
0.9670742663155409
1.2758418516017238
1.2516694152621357
1.1801431063703491
0.8754547380719637
-0.44904956798152534
-1.1531257063292422
-0.620742397584318
0.21999168415098236
0.6848663145338919
0.4687076727208359
-1.1181806665077352
-0.47495769453363595
0.3729206083948447
0.6925393328202682
0.9593976214681894
0.9548039146253422
0.9937238764019106
1.1096944196859118
0.8719716191082194
1.0021871506605227
0.8481072645838342
0.8032613032120514
0.7870802039017661
0.854755816056371
-0.710943018856133
-0.3969685062876694
0.26575551939670805
1.0017975272844746
0.2926720699071743
-0.6567162174261432
-2.871569494363729
-1.009838416695614
0.0977371890540464
-0.8974756719905234
0.9495359915906898
1.0639946214024139
0.8832613317752309
-0.06288961658658082
-0.11450255986549544
-0.2081970078467466
-0.901210622173144
0.013595824637498786
0.8486543460388888
0.6919284291843053
0.6304553336925386
0.7455981738346953
0.6930837659163445
0.9187739957766206
0.36039812239066565
-0.9055700171695156
-0.46026989416916386
-1.3681921314283743
-1.9681390694841487
-2.0463601414336376
-0.6262472498624961
-2.0305870008305034
-0.5631573205506986
0.609298775383831
0.9030038452052643
0.8174235464104354
0.37117923616802784
0.597313512928546
-0.38174813666879553
0.6321150963767127
0.8762399970021576
0.40412686573175394
-1.4042676083052386
-0.3645913155743047
0.21047249337253143
0.11286793564237121
-2.5591100127821567
-0.6417068278887259
-1.6682770496028478
-0.32481000828912104
0.5953784370187885
1.0748763143753506
0.9446158347983125
0.634540457794789
-1.4735793854858796
-0.4186986101635046
0.48009855868193846
0.022499019209836314
-2.3190825007708136
-0.0507865019493058
-0.26789404621192886
-1.1221676957297488
0.1893472117996645
0.22358856029802465
-1.6125545133927126
-1.851381657627515
-2.7355890564246836
-2.376427977897862
-0.8658232125720292
-0.989234929498076
-0.5889966509885549
-0.53693021757581
-0.7342429043787433
-0.7770963608706571
-0.7277615752761117
-0.14299091113075035
-0.7741455485897605
0.14275391300480197
0.17486513920671568
0.7222209858216598
0.46443400309165656
0.1583844217751149
-0.543892423629325
0.12090189336599916
-0.6353544926914938
-1.6780329298779133
-0.3122866289923434
-0.6369482065296098
-0.656440718504817
-0.08285727423761537
-0.8673171463388989
-0.47904541973939074
0.12932706221631418
0.8084920316300288
0.8036990546735461
0.8149818915792958
0.7865523622049405
0.80241952501351
0.12568323472626444
-0.1194153262690374
-0.019237552874348956
-0.5178723593644091
-0.5159916793617588
0.0071296305708951
0.1848013165328712
-0.010124061789890157
-0.40053430575232574
-0.10679817249252363
-1.8927174611195026
-2.7523575877132784
-2.708321269612553
-2.7203205999891895
-2.6901042041287875