0.3077353209703535
0.2994333747834492
-0.01728446085587443
0.1874444677802689
0.37420054846214335
0.3119134446853611
-0.03925019340304736
0.27865485927616085
-0.024756060679562708
0.3427539066118914
-0.49298567962448026
-0.5115583699507891
-0.3170854674353034
0.054610927569585854
-0.012922966280298098
0.05708835752189323
0.33520262177693105
0.47668003017270344
0.4762169060417296
0.8087666808036023
0.8142255563820431
0.8076558127486511
1.005402287053359
1.0025180490961123
0.9930203952804693
0.796670162892271
0.9318564225947927
0.5668613474328357
0.3892192555701559
0.27731885839284764
0.33566131177141934
0.676035483490411
0.4991545821054775
0.5154343605779861
0.58118822022759
0.3492950008345179
0.676732395266912
0.5594636591575597
0.5394289956159657
0.6062279126240799
0.7469194345518151
1.0008516181035834
0.7712603955637167
0.4747991500170361
0.4267244165044719
0.1958688966162061
0.5740758177413756
0.7175469554342744
0.7041125346599575
0.542034892979574
0.4261326673943575
0.34206607273506684
0.08662421428891953
0.376295356869365
0.20823254361438792
0.33814535397935863
0.4086024392835004
0.141453773635563
0.7638044516981939
0.5565507312980618
0.6796687260083178
0.1256231032078876
0.07701580207515413
0.060509987859378
0.3032671794966877
-0.010706487289651179
0.13127325959803393
-0.25657407758192896
-0.4717070937871437
-0.24438200564193657
0.0938837808205637
-0.332381384948091
0.0376386534345432
0.058896267246611345
0.5656082465837091
-0.06329660235260626
0.29293176403520427
0.6450683257261307
0.889087677041859
0.7676175660189575
0.7404988336431177
0.9436472495635133
1.0439955331565631
0.6745996229839353
0.8934625921069586
1.1150497318464847
1.2461207371471676
1.1338298193152543
1.1227879051493392
1.164063516662866
1.2989602715523478
1.04983694909693
0.8174947623972475
0.8750180639331564
0.3145636834863428
0.48556447909877143
0.6090694819563556
0.8207065224047927
0.8960547897754925
0.731800791953221
0.7458078700887274
0.7345978886825026
0.9442303056413994
0.7675809071993474
0.8248003944946465
1.1676493350534987
1.326937976696927
1.1706665269149017
1.1360196900518265
0.9534683651854454
0.9641767526026701
0.8041569499848453
0.9934385662530207
0.039723460666410304
-0.297898672960228
-0.33513357706891433
-0.31534495231492876
-0.23765128748196496
-0.1628530622520099
0.032441847787426425
0.12808783527890633
-0.0828520719536936
-0.22956767568630987
0.1867781117625089
0.055705374118007356
0.18523646974591834
0.41155336273931376
0.620591057138073
0.8373836562581563
0.5147385194135428
0.8973285260157855
1.2610085210290425
1.2553895491633131
1.2264483286431318
1.3620625752908229
1.3696164728669107
0.8465847238080375
0.7506343958109074
1.1323249773162178
0.7404689289965933
0.8977441987561878
-1.0942850431465256
-1.1802860205625745
0.11962621257232975
0.7333890650477759
-1.1376824903771716
0.4501314700801391
0.12668121410298916
0.9177956597049661
-2.3638020610088244
-2.7831065058386866
-1.6537133528152292
-1.0502566896942067
-1.9423630182369873
-1.8862254508678529
-2.748146255009429
-2.3650846533715093
-2.20946556064416
-2.0526848626754894
-2.5605575471658124
-3.9027071995887592
-2.22919179668399
-0.8165182547912035
-0.19997935990499904
-0.2693493030637182
0.1198672075136944
0.6794293167939305
0.5300161013444455
0.8276561732793386
0.89911753021096
1.0771850303710995
0.9984493983226788
0.4109415388740718
1.0708823529318057
1.19871176483821
1.175168454611212
1.169156870172161
1.3784589595737362
0.76391540459848
1.1220715682423634
0.7183862937051817
1.1370073389721416
1.103274226945219
0.06469646743846802
0.6680380452228025
0.7744716664676208
0.9324165408209968
0.11666783322132979
0.6235768524581875
0.4398914615683669
0.6272908551032419
0.942515324358256
0.8083732138398592
0.4282318002443919
0.6482575803401165
0.1863889781733281
0.13245524656729124
0.2629617580239074
-0.9220189689645064
-0.199521128501571
-0.3324611225912957
-0.08563992808529797
0.25542717870495046
-0.2637971253648015
-0.534531980492913
0.11207033110075493
-0.31264979849805563
-0.23711945843278492
-0.6478227586764387
-1.3787144509045373
-2.914135735980606
-1.2601374774964693
-0.4211452494903778
-0.008385878402718205
-0.14618242037594875
0.3009901474107455
0.40816524294833023
0.3759025280572832
0.490163518117571
0.429528376618153
0.7566191729991107
0.8704161766287672
-0.20681729995813036
-2.2005526252945184
-0.6747724165885938
0.18738060580381166
0.15222993750579583
0.7574333509356439
0.6503901201352722
0.0850392419219208
-0.09934914187338784
-1.0936766713140411
-2.02473883733637
-1.8145186450914945
-1.2712774420713355
-0.8579284715454474
-0.5828064935411543
-0.2483151662602534
-0.1980515651420358
0.04175371618600998
0.3061382353621287
0.49582347770189195
-0.2493722696177212
-1.8885649889062517
-2.040164131202941
-1.654216675264605
-1.2097649967372046
-0.6468430377234125
-0.7986757282447865
-0.2766046600859209
0.25798955302303916
0.6220408697898581
0.0941304513447836
0.3533874282625522
-0.9893280441066548
-0.24699478048766643
0.27653675935828126
0.5171461864882065
-0.4459967826747526
-0.03268673179655757
-0.045124722376540305
0.32501156916900875
0.8866445506798772
0.32982940488408197
0.03320426906938856
0.8656339439685485
1.0584944262545566
0.5124725420052432
0.4196696219296161
-0.3468945563652266
0.2576135613660444
-0.5570739151475106
-0.213664144301573
-0.36024091982103634
-0.43819914881293975
-0.7252019975708333
-0.11321938936609222
-0.8318025602258796
-0.9540425925202083
-1.1506377371389345
-0.6767880402506687
-1.0916680940822214
-0.9462511149445714
-1.1655616397768096
-0.7445970316752817
-1.1862091848638112
-0.6036520262804981
-0.23816765142856688
-0.010468654353600115
-1.4524541574812968
-0.47456494849839537
-0.7095943958353086
0.1696365078705515
0.40496366995485467
-0.08468973240917244
0.1864495015773162
0.11233897063911691
0.6193863156895549
0.7182621362286756
0.8067318123567748
0.5257677747013663
0.6388966146025457
0.05404390714042684
-0.7517854565205351
-1.6562247088740474
-2.1436115851196558
-1.2846158389150997
-2.0660998564000135
-0.17293620107261454
-2.6582388425639163
-1.5008885833902763
-0.43273425580657765
-0.5741264455511566
-0.22280084753476892
0.2165978294974611
0.1460206682550922
0.42715886752702836
0.5559684261913578
0.4341711488758069
0.2699109177843315
0.3316845955005352
0.37060401941333687
0.721220871586171
0.9462745576976221
1.4162277756275916
0.3954667734889359
-1.6459359879069222
-0.09888864840092815
0.23890568445382776
-2.3316068234713168
-0.43566260048959116
0.07976032230433994
0.296052816528972
0.2434420142480338
-0.2616081699912467
-0.3640146071685688
-0.03491481085081993
0.1539959982028467
0.21252609777025278
0.1334863830177131
-0.04045495859355519
-0.24348188649284275
0.45659219009817953
0.6380170720133282
0.29067809033549175
0.5985553412651985
0.7576782512274765
0.6335198028854325
0.3673001107770535
0.2720425942475675
0.30822273142250545
0.14877615520915022
0.2947274719266364
0.6712293275271453
-0.7221017225501765
-0.6456530337976982
-0.30260820283629464
-0.6731840265501159
-0.323928245661234
0.8028796408941208
1.0496526249042706
-0.49336718018224524
0.0751761055150002
0.43557473307351025
0.17629122514409978
0.823017207899186
0.6227377877804532
0.33498117473483724
-0.12860500324337742
0.6106568975665869
1.5480057734634176
0.11648259389451887
0.6105550130426014
0.7050260553833727
0.7226299562859015
0.8634493382828357
0.6645328170753135
0.9418471076802337
0.6128042866373864
0.06211405338653897
-0.29341946859692136
0.1364527698623892
0.40444587554566347
0.5796521540911659
0.6098306516501584
0.03838503383748737
0.43159886587892693
1.017295091378033
0.5902025271395264
0.6715698928357217
0.5544676924861438
0.3359065194820392
0.5014818695227792
0.359421156127782
0.5265689775251747
-0.4286767121220958
0.21034287690180697
0.5309081986155793
0.5757983115022274
0.4433591693391623
-0.07035183485321106
-0.7321109173881535
-0.3303410706747183
0.16117667877452568
0.6308985614414002
-0.29018863471919865
0.029214404808955763
-0.0446205089176015
-0.3871308650010956
-1.6233935633251786
-1.5068296764862463
-0.5262759884137846
-0.18703799525557763
0.22474115174195397
-0.011398159094907712
-0.7952258062162354
-0.585181979856868
-0.12001305007143337
-0.2194857038555238
-1.5171372111514625
-0.5035913106376295
0.04133375055789834
-0.033597195525898016
-1.245231450091934
-1.3010249610801434
-1.2744751455438728
-1.0895108253929902
-0.6555116644068857
-1.1655412287940532
-2.038717942830628
-2.222691176782204
-2.1824931516348425
-1.584795771864206
-0.853888671017442
-0.6130281153710779
-0.29855773310103295
-0.5456384915616592
-0.46798182421149015
-1.1733251883065616
-0.5919736267346405
-0.0939012011699969
-0.7848178623311366
-0.5826431008720032
-0.32701970180734286
0.07662831311535179
0.36788784692879695
0.1982936209500128
-0.6276075596328621
-0.3339145471544196
0.21962625971754512
0.6015994829229658
0.4919218019300775
0.4924842917492942
0.6140208247754106
0.6714161629528395
0.6026744136776916
0.3538758727729334
0.5948079544267149
0.48258442079043284
0.25568598723080704
-1.0618886732223825
-1.870570634453868
-1.3212675384033172
-1.403576772609581
-1.775081093599665
-1.2959905279921298
-0.20016860301785577
-0.950724770390563
-0.7044193868857729
-0.8164200390023222
-0.7225242499880675
-2.309423331031864
-1.4379889608869814
-0.7873190740821325
-0.36115571091556653
-0.3970368066535155
-1.6896404651056098
-1.6694083609035157
-1.244988480980025
-1.9044809680206622
-1.915802279316905
-1.2783050832560843
-2.082278005080793
-1.9069135019907844
-0.9652530206014074
-0.028292351170092545
0.016781479938119404
-0.14765674826760566
-0.27922970485042065
0.12685979452263219
-0.2341212463209228
-0.010796536322855488
0.33394710661598204
0.568069122835924
0.4980791986065203
0.6442677783255721
0.49834484281227454
0.7039798738906473
0.5805542896998919
0.4978091011230834
0.4393557783962212
-0.09636482688524772
-1.634144614120201
-1.0023666874726427
-0.8188158574370714
-0.3793266703846978
-0.12126931588919199
-1.2527498781207225
-0.8963407982417362
0.24117097261876275
-0.2527509181945202
0.4839259648592975
0.8908128089991312
-0.13157231070820607
0.6351769211293732
0.6815142192501771
1.1141452354351333
1.3207537025599283
0.8589152630766126
0.9788833633276273
0.7696346137819479
0.7686113750526733
0.5123937373855671
-0.10442438232703743
-1.4207122762933846
-0.923278310594581
0.02390410051042302
0.5354195592800313
-1.3036244355512547
-0.6734458738724509
-0.42050546733162086
0.04458175351382643
0.20195808129169457
0.3179896096425825
-1.5312244184354267
-2.0258417290868334
-0.46808874916251675
-1.4464258843855742
-1.002990654886899
-1.5627050958281625
-2.49882268291722
-1.129801325128751
-0.7056019675210745
-0.9341669560843098
-0.13049701289456372
0.4283561210800588
0.45417795077547574
0.09346597789958544
0.43086274591394336
0.4412489750117192
-1.0700295037192102
-0.1886715211761878
-0.05809388173872598
-0.06174998117510988
-0.538133075638056
-1.903426189081797
-2.4493905712096034
-1.7945885381266873
-1.386803320182663
-0.8289076731248013
-0.4400013830179983
-0.48393180826796645
-1.7448708112854074
-0.9452408623135948
-0.37729705895516297
-0.14613050634114977
0.0782710605910939
0.4308456749715379
-0.1500706741884681
-0.7583421867871447
-0.8948989609742011
0.061105808005907036
0.49462070439480676
0.35359707782733274
0.4914541845128344
0.18942358399277914
0.4874998488498239
0.15926677142070567
0.16655256528057016
-0.026266245175149194
-0.4027180803516597
-1.4654729182109048
-2.362104201501152
-3.2016928377942957
-1.5034825213638197
-1.1292405201553475
-1.1076958109524764
-2.0062279290157914
-1.7828556787326004
-0.988403397451405
-1.8236166651633834
-2.0181403707989727
-1.5443132064256542
-1.5042365836129346
-1.2795050246272819
-0.4259769731008003
-1.082975208304502
-0.7478841441630077
-0.4605562230117908
-1.0238279321597457
-0.05641964542557609
-0.4019137945796256
0.11045100600648716
0.5748413707547417
0.6755734385336201
0.3562201086087118
-0.1806525077918888
-1.1903060466774757
-0.5832904719160847
-0.14003376288868985
0.03920060064132436
-0.08101437394007682
-0.4823172978688728
-1.2396125872154595
-1.819779506909411
-0.8737674598931431
-1.2673209025706438
-1.2918344662608217
-0.8549150230049758
-1.2150170912891252
-2.6393091585044584
-2.9118584913498875
-0.9808089677538003
-0.8201017920998463
-0.630014844876909
-1.8154053916775421
-0.8491025697770294
-2.0963684358958243
-1.8428710759318943
-1.919749469813281
-0.9547958798223117
-1.2503091338864447
-1.9825409090527568
-1.7756132467195709
-2.0146485561143646
-0.7775927952783075
-0.16160779351518606
0.09550411993379448
-0.04304749982695277
0.07046409666460995
-0.050777677156245815
0.1098243848706364
-0.11976356384375997
0.12859652510421604
-0.023997400387342438
-1.5898563028223247
-1.0779538792572776
-0.4086732940493629
-1.1186222871235412
-0.6410881183418251
-0.6745855548202666
-0.291102270751578
-0.7525526127772064
-0.8024968204213518
-1.1547381413786422
-1.8814522131959972
-2.559962690850268
-2.225388322589664
-1.5168786016588864
-0.7751684135466359
-0.49784111585306157
-0.0551152548395617
-0.059935277811346666
-0.05190419336474683
0.13266171348496592
-0.6033743637824056
-0.23932525226945067
-0.1680667135441194
0.29266071067034893
-0.07531786737498969
0.39576692758250154
-0.26197657025788423
0.20299042610393947
0.3145337426327064
-0.2339979619040644
0.08854068383029023
0.18762162632154578
0.3156692084079129
-0.5430815939573943
-0.27350215477883744
0.11084843067448169
0.2663241550397988
0.36398023489411635
0.36243713404084765
0.08550522018443196
-0.44820514407136436
-0.5767345807248869
-0.5930704297207239
-0.4344062585449233
-0.33165732534764736
0.1879192066156623
0.31402937501433037
-0.3460270037474782
-0.5548571210663891
-1.6684649682474895
-0.39674368329280973
-0.4971149827129704
0.11763276645621268
0.04153441701521565
-0.050711165346070786
-0.6364039501980852
-0.8253271134694682
-0.9772732295648989
-0.4156406657610585
-0.5253316591017931
-0.30043510081486424
-0.02836006650144718
0.21688279547939437
0.22140514044976278
0.1489370909480261
0.1949355228421883
0.06905420647938065
0.14029026303383496
-0.10895720089022909
0.09028878632240556
0.1258793807196259
0.13122641494590148
-0.016992712962702328
-0.3606974502534239
-0.03276390947045904
0.18488308411558485
-0.049293783156100446
-0.11783759327494003
-0.26681597782235933
0.09898200527409706
-0.3839341654049786
-0.18692899589511391
0.08246711024269082
-0.05970242717019225
-0.9735527229960166
-0.6391902818244812
-0.5415042998214243
-0.3797832408465762
-0.3887922584702874
-0.15933092658961634
-0.297469420251657
-0.27587196806652337
-0.28050394233066633
-0.7395273359994672
-0.7816378552521552
-0.4700179772092934
-1.2233211985320462
-0.37322563066912373
0.21975095518993903
0.2195540690959792
-0.3359867822435074
-0.8753543740528311
-1.5492292181784943
-0.6375805852366891
-0.3535983986070175
-0.2778939360757402
-0.34540441684062095
-0.05789661194147122
-0.5116828703818026
-2.005763228046275
-1.674692375324467
-0.7793376071093103
-0.16357713616869596
-0.24431104541424808
0.16077436482908247
-0.1219275218528093
-0.3747225947572286
-0.36450435255723157
-0.2698417346211368
-0.07109246773091904
-0.15461433644709466
-0.7034871541025876
-1.2080327522010048
-0.4803211917516119
-0.5947146849958482
-0.2607941959219584
-0.35229995110199575
-0.6365890439147943
-0.3902496622363554
-0.35775272648981904
-2.291683718491056
-1.9903279919088828
-1.5440216063012695
-0.3543915976326826
-0.2673547233064806
-0.5470165139980718
-0.006343424761565686
0.10447142436504642
0.17168957052376932
-0.03736132036881479
-0.48283250265458655
-0.6233832665578785
-0.4105586764364926
-0.8678799695854149
-2.10470567436313
-1.532822576536189
-1.2274568433613506
-1.193937543861166
-1.8361480366708474
-2.221047551203453
-1.6020002861589102
-1.820239717525153
-1.9126842126667878
-1.1178088528678511
-0.9706494428676375
-0.2210175281198996
-0.17206876945600236
0.09131750610915113
0.0877249427108655
0.02224367384042303
-0.7740417743369914
-0.706576477026756
-0.26325693305778763
-0.28489676996305313
-0.8286220968508342
-1.9218392174595476
-1.1096687863639243
-0.2525789276590711
-0.14341055359966326
0.3049535668902781
0.33013750738929737
0.13316558823837177
0.3699683358161696
0.507684793545808
0.546432381003088
0.5826104682098094
0.15182512907964174
0.333896779296909
0.43432040810412964
0.5324112871475126
-0.09761677766165455
0.17830177781680057
0.20808568188509646
0.2703157849721425
0.15634671712901316
0.1407827289546919
-0.04882663332496229
0.2507051417613031
0.2557457880314349
0.05618015312244218
0.4144267307105185
-0.11328142947847475
0.03391524281824054
-0.023853932997807803
-0.0904840583803388
0.14326354315406498
0.40368793468661757
0.3899812800134175
0.06869731556999348
-0.5719300317443992
-0.37889421142724977
-0.7380378750489296
-1.933350332446734
-2.1578872354842797
-1.0877064086727852
-1.3784201313270597
-2.7986642103825385
-2.4468862774573505
-1.18075483952755
-0.468724761701905
-0.47044557480564997
-0.3041512000543616
0.12561251689074204
0.008934391330756242
0.09052954400010726
-0.8259361386606923
-0.7536058344645635
-0.41612319655599883
-0.23410625251388062
-0.374009102162999
-0.1891918381206903
-0.7187181315047138
-0.1393493720306065
-0.019293965331923957
-0.6980366215963709
-1.6165773244680661
-0.9486499425632058
0.20664297103158624
-0.04407598851252992
0.023952120933786958
0.19769590681225857
0.5913294446059769
-0.10545235625832383
-1.2873824202193571
-0.6662685762287577
-0.2324155928855145
-1.1221028048684172
-0.31793828851237826
-0.012466940336407717
-0.1874775731378815
0.18434062453200006
0.09269877077992028
0.08074505079106764
0.18873976624468192
0.15677051403480569
0.13079323273581345
-0.05860625814271536
0.26818671411258954
-0.16559778506436196
-0.0668282117061505
-0.23326463501454775
-0.03599791263101615
0.042084668410966586
-1.2446393081004725
-2.3658357532431875
-2.3975983931905613
-1.3246794642385549
-1.5568938212416281
-0.5333795386839579
-0.42897994538286177
0.0873175447614063
-0.046560928868258245
0.10457700419168425
-0.13917908040776972
0.04682016439370962
-0.07552386586672633
0.01207712152123186
-0.7945811905697706
-0.41285357652122734
-0.4218582894119418
-1.2606625342075386
-2.157922107989476
-0.9855865386013516
-0.48575128892222885
-0.7069523015000225
-0.6431264761629745
-1.8087117126446923
-1.8745877970713973
-1.3412381416040784
-0.4407855250340429
-0.5354940847115994
-0.13977895543410845
-0.5123087974601912
-0.4491664539863205
-0.30999060738815665
-0.18088733712678895
0.04701005316261053
0.019552321118597504
-1.0275514796249308
-0.511259839478468
0.032145221434193516
-0.006887210979881431
0.2426167770993164
-0.21444407794328235
-0.5795191495487
-0.8011084646733604
-1.0283726029568339
-0.8346985905337885
-0.5087760415756559
-0.38623537999813884
-0.9444454413928707
-0.4957438530196878
-0.38611381534117406
0.12301512794886271
0.620775991366914
0.3947836710200665
0.517173722971707
0.3533492546059325
0.5951525476418897
0.4725281410663218
0.06858760866046687
-0.07986050334004169
-0.08257949525214592
-0.7812628058941993
-0.12992499275699565
-0.23925712134123778
-0.21176547176240312
0.24046682868626768
0.13079747288115762
-1.2242331126930548
-1.5374482217529089
-0.20766828759641776
-1.1589078157731318
-1.189075222313802
-0.6543627483409136
-1.0607162918070099
-0.9612270518636006
-0.27573978215498407
-0.22582274621484366
-0.32954132607983233
-0.9044908592169048
-1.2846999814499878
-0.8597840520997391
-1.722419562327202
-2.3819449965622095
-1.5672549331084138
-0.37638626315759716
0.11319335328286861
-0.11349507952414051
0.06533843688250052
0.2549084900195897
0.4951555253472879
0.35993251887176037
-0.2599991558409851
-1.17478405283323
-0.11984648306581214
0.2837167213361784
0.24049631256271375
0.02569705023026536
-0.8693783720315178
-0.40475997284498355
-0.3132851294122343
0.12562098069750682
0.3718581338454374
0.09997927692686126
0.3994862505841912
0.329356598997963
0.2782875094382309
-0.08284556606161964
-0.856334233260581
-0.6693203265152885
-0.8595295966067038
-0.08468061331138976
0.07289174439169877
0.5081807132947365
0.15495592654925083
0.39846096834735256
0.6081430683257043
0.7276613761873723
0.6395204055588852
0.5846787188978215
0.9535561373529635
-0.32166930271794847
0.3602555935660394
0.1432041432003377
0.3754682961142226
0.0571465746609352
-0.09700736432725243
0.45284664386524476
0.11211783109377116
-0.06631373105106597
-0.34717509313222017
-0.16552759151686125
-2.0520704662598757
-1.0236888601380496
-0.25988215366564127
-0.2923180529214289
0.15069000394777454
0.28647057332415393
0.6297369674594382
-0.43570958867179677
-2.1428082971168134
-1.009850009484138
-1.562145511478148
-1.546331456109753
-0.5891988188772057
-0.011001382433020623
0.26953959689649487
0.0776263667807644
-0.12300601985640292
-0.694399766566205
-0.15678002737497643
0.06286246447415245
-0.0019747384772994536
0.09645184406338281
0.23712845233497326
0.4727908339986744
0.1901969615574206
-0.34318439797566036
0.1649364504361035
-0.8014093967704508
-0.22315405952748613
-0.04933265348421223
-0.26317057204054883
-1.022013465333016
0.06036246439961879
0.193301270304433
-0.01328733423858175
-0.6553935044062325
-1.0501740499912113
0.1297565688355764
0.6473844692902748
-0.4605671616976803
-0.5701463399376774
0.018068433917848736
0.23220491977501645
0.45027934531504066
0.41028553949195334
-0.6070322930655845
-0.048709720313707905
0.004333521083795588
-0.06641880552622403
-1.3165902762246997
-0.2896554919226286
-0.35568833413343093
0.10463690291325811
0.02477252908947669
-0.537904502170532
-1.3210987833497239
-0.2719631612506088
0.2908223596521413
0.21098977502565397
-0.04908354616865829
0.17675598073282295
0.6750807126614564
-0.37199002812540805
0.11050267802771607
-0.48383195343968843
0.08778356828216438
-0.2768390844965847
0.7046415975912499
0.4836947374717102
-0.5022207317610263
0.13751385747738887
0.07197928357651229
-0.16999405664574674
0.03512207021101865
-0.44571766156246717
0.5658388409607529
0.7368487305866598
-0.179375887005774
-0.6825340050881419
-0.9978059703980602
-1.1505867900116993
-0.7109394375417946
-0.9166236400100711
-0.3356288224494062
-0.18234689811050764
0.01416680145806204
-0.07115831327889843
-0.17982110533863072
-0.659781151334796
0.06068837766365398
-0.13088617138126146
-0.3996564073774902
0.07109603898095607
-0.31589063056379807
0.33136792164111917
-0.1349015026412399
0.3221920736867663
-0.5382225490516515
-0.6768509378280481
-0.18580302035155505
-0.16278051174752584
-0.14019413021504867
-0.40634684130637133
-0.861993886911419
-0.325139870326451
0.14967083889804833
0.21989126010474713
0.42555952735750857
0.6284788693367762
-0.05956528286030327
0.22440206905416638
0.2860982804688792
0.7806936748883988
0.48899486383230517
0.5947744308746241
-0.850288990344124
-0.04944989102403774
-0.6063886007279375
-0.348605188166756
0.14680252205188715
0.2514860908699479
-0.20890033861149782
-0.9867143496583548
-1.7002039564906806
-0.9091267249783623
-0.13489344314923635
-0.2476017002845321
-0.047455777190462456
0.16205559455376495
-0.5605306212835881
-0.5817817808299832
-0.2702928929772366
-0.05975595248943755
0.10192017037062051
0.270705720372705
0.16738353646435833
0.5760962228336144
0.830552639875437
0.7023724887554028
0.8174705655974055
-0.27896235027789196
-0.49551176467785574
-0.3367784604596107
-0.07676249406361357
-0.17741677386143628
0.2327317639309019
0.6010103910019939
0.8275343969311013
0.8906459818578316
0.89986867104213
0.989692845044134
0.5535087779009604
0.8644565421599015
0.9187306807225486
0.6702259453712163
0.5936815875766133
0.45153759578720276
0.3352196313285436
0.3693298582122271
0.5567616431379907
-0.19270049531804823
-0.18487662422216822
-0.07409923121980277
-0.3663795365116993
-0.5038543166701128
-0.5498197146461319
-0.27130918262032644
-0.9058961755156485
-0.31866506136704054
-0.11147827855219639
0.11927193462946839
0.023688412444828444
-0.2567904264887755
-0.11643191532691155
-0.00967160614038498
-0.34450250541055816
-0.8611630636932812
-1.3509688132736084
-0.85651298621225
-0.8252770241362395
-0.5383308541713188
-0.4275766816592732
-0.511913393442283
-0.7369331157272665
-0.8233808289817102
-0.48145028477237695
-0.25898601363280527
-0.13303526800129184
0.11759195104657927
-0.24763589463803548
-0.10150160331799718
-0.04217005130938212
-0.4333052608847776
-0.3487405560736061
-0.39617157403254843
0.2841074204772287
0.4343779600394857
0.45637495158479346
0.4094125238204658
0.47941352676538607
0.1709632504260714
0.42531585292701557
0.23668028595800372
0.4221680808592101
0.4755754030614714
0.2432591836195872
0.25767738946284346
0.34183049528262366
0.2623799781048195
-0.35144852935685655
-0.2842141784466161
-0.11867447342342352
-0.36234828285961207
-0.17278702083825515
-0.2050344178644803
-1.2911694874535993
-1.7165587861146019
-1.7385500027376377
-1.83213779400951
-1.8891171932442727
-2.2816289461241848
-1.1103132170229326
-0.7239143342001011
-0.40155085116576394
-0.14912478125240902
0.042006161299797284
0.004408918011124641
0.14894857439486664
0.25034376212362197
0.38857155743827043
0.310246584489521
0.16308230412397684
0.11439871118058598
-0.08289800149982618
0.20734614123644413
-0.22517856153984717
-0.17691147209330715
0.16218451719292837
0.13006121693145367
-0.031159490112825594
-0.5340625590333712
-0.37899219735116496
-0.1579398093071216
0.3130712887519014
0.3368044778300163
0.3507239809086844
0.32507134210105626
0.28879808336340496
0.23185149056823384
0.4938603184626391
0.37249871825750525
0.07492136332382593
-2.802236938027546
-2.7891675356137835
-2.3987648824608083
-2.5224118952576884
-2.374558945127516
-2.404008438527624
-2.4984526947241346
-2.725404317602992
-2.3463218394529672
-2.2155080803210705
-2.1580680036386877
-2.7231091230392632
-2.705921107969159
-2.8291567328642184
-3.17457309734351
-3.5417235177036144
-3.9393911490151634
-4.013563690925677
-3.896363204196602
-3.735525366090142
-4.170752443607467
-3.1409524353176703
-3.1754331146411214
-2.2920818028019436
-2.6749444940125766
-2.590161900389786
-2.8997153972127006
-3.0991644573476957
-2.7535004096910267
-3.4285893442600024
-3.1587438574302507
-3.0519314210216333
-2.8555468365611016
-2.795219675410406
-2.885163221880928
-2.8637214565689657
-3.0423183809555763
-2.901547640576352
-2.9368989419827027
-2.600870279206843
-2.51342338281634
-2.566948616482433
-2.6124149125381972
-2.5822591129590915
-2.7317667513953108
-2.475474397472551
-2.137358463565546
-2.0025382818634636
-2.0807979164636787
-2.034352243503248
-2.178966692629258
-2.415182314893938
-2.2982494092438497
-2.176078230082892
-2.9447262666544116
-2.9074068715091084
-2.706095855371215
-2.3083673814761294
-2.3730467105881683
-2.544834951759155
-2.251959170420177
-2.2011719251554336
-2.287185808969026
-2.16276420389117
-2.0201948857652052
-2.6518455619739125
-3.0880943016967546
-2.591702533959305
-2.138587299309874
-2.4922025180531033
-2.4911673851824485
-2.523227451775737
-3.0182998089768756
-3.3039088879423115
-2.9228440549076833
-2.849856155529265
-2.7653257533094244
-2.670762714017483
-2.449870113286762
-2.408757092040288
-2.298337720124037
-2.3419848691697904
-2.2560765975994013
-2.5956120127571705
-2.5106233216723677
-2.7382804899072664
-2.202148167865756
-2.396373201372766
-2.4263392805547266
-2.338312717736356
-2.7546309521386814
-2.4782113496471094
-2.2320873776838805
-2.154213427741267
-2.6417803955088157
-2.445919860636293
-2.274838364411819
-2.227958753706103
-2.8245928781689553
-2.4552655245480803
-2.2523104648811465
-2.6400525448665757
-2.6883174595253347
-2.578273977561194
-3.352523986734978
-3.8809656567046016
-3.724063183647756
-2.7834312094623055
-2.4817442943971297
-2.285527573765192
-1.943722112338632
-2.0014155378458707
-2.94634249822826
-2.9517642856843604
-4.59264111522681
-5.078633846348437
-4.73160199806294
-4.843902757619444
-4.853331785035307
-4.272086599609635
-4.236918939397368
-4.378019176752515
-3.9590155766411055
-3.698097490905907
-4.063803734883164
-3.8511755820132247
-3.878305135742279
-3.3182389632677722
-3.9324326785592643
-3.494453022190397
-3.684630996944575
-3.6197453343406902
-3.263721754424493
-3.4208308014649003
-3.497432223186946
-3.4823756676716027
-3.812337483189749
-4.499885177076832
-3.8432341266810948
-3.9685569015064868
-3.887577396629778
-4.131948388639271
-3.939466050713305
-3.7832195363836387
-3.7093085675345474
-3.737692199377845
-3.871013384288956
-2.1089057453690128
-3.753523372869564
-3.7580858716186025
-3.8863718018513094
-4.159720297972084
-3.6990385533180454
-3.5970732335378823
-3.8055569970667573
-3.663175835865273
-3.8855682090439654
-3.975439664519895
-3.9036437928496195
-3.750440125554716
-3.816241247685211
-3.8134433123405085
-4.3256851936420855
-4.051556215371447
-3.9734541381418307
-3.931428383014575
-3.8222960490244855
-3.4911841216953103
-4.172239785449291
-3.8272622270836774
-3.1879232466700085
-3.1872976394901382
-2.830780427098956
-3.2073771129711712
-3.094850267603247
-2.9184096911782955
-3.201662337759698
-3.1357263662062262
-2.8618146229924104
-3.110197926281556
-2.7512919381242096
-2.704034407784688
-2.6346450000979456
-2.7900597365019433
-2.525274384732297
-2.9818516079684354
-2.5379252270096924
-2.8704092378424644
-2.0759720715170555
-2.627454462457619
-2.529245461766207
-2.4074025134419497
-2.358139832504973
-2.2580717002952024
-2.3755398138813586
-2.450597088271577
-2.5161187475320457
-2.369635529436719
-2.110428357812948
-2.4157259110776987
-2.161843496726503
-2.2969063300455854
-2.0904445079673177
-1.8675234825262645
-1.8753343750926899
-1.9257202992066293
-1.8802597550153006
-1.8136110141231665
-1.7562718078146968
-1.8411088554675938
-1.6187984911115887
-1.567736361465533
-1.4991675556447301
-2.261774370324529
-2.4708187411767124
-2.8879459597587935
-2.1508325491337654
-2.2779657607817523
-2.5214323297496417
-1.7916293835765327
-1.8900658674599224
-1.430765989305554
-1.5799182041274502
-1.6873497584132462
-1.3955173111512362
-1.4205869028580604
-1.9090100314144092
-1.2334963200963056
-1.6193201222275047
-1.4346857233236943
-1.3294519671144496
-1.0135540777362717
-1.1161459678291816
-1.6232433700155138
-1.159304330917264
-1.9642963460325529
-1.8013493223861143
-1.658514009856047
-1.4860788957336535
-1.3346491968105578
-1.5544709657285107
-1.7308949224250068
-1.7546937689992443
-1.8356892807346963
-1.6555557706546704
-1.9549475610710783
-1.3935301393692452
-1.1389100775795225
-2.1338859247091744
-1.0896718428886327
-2.551360396844556
-2.0637192967573394
-1.5105855235416765
-1.519024058686112
-1.6885656582954436
-1.3154366687433292
-1.526644137179927
-1.882077466248445
-1.6429548020553835
-1.3511349427124184
-1.206234474575096
-0.9308852241731369
-1.9475278563098737
-2.139548032769609
-2.9668409797784516
-3.1745230226918135
-2.277362777448827
-1.4972994532198651
-1.4730014082916636
-2.6619891009507892
-2.808030556807706
-3.627537834546102
-3.776801637121478
-3.795644553222031
-3.803652524480581
-3.808159936334489
-4.118351733262811
-4.20236619054411
-3.8105504516531123
-4.005783120439245
-4.042092408550557
-3.851509694598276
-3.8398871480805337
-3.6142045882749567
-3.107142507244573
-1.8674831860229926
-0.8196821573862234
-0.49603818536685473
-0.299761420346071
0.07012815461914279
0.1287977841947754
0.3585128746889712
-0.5028917289572785
-0.7475049074039202
-0.4123356178036044
-1.736342101972637
-2.0718085627863143
-2.7694109306376884
-3.030736387218992
-1.5553381169242737
-0.7079661763251277
-0.022718761979886537
-0.003748342772096791
0.2781937048580563
0.29770755312120123
0.4905286160265394
0.4125384388109712
0.3605546180881749
0.4491601827835314
0.3648389486009922
-0.028951429840885723
-0.4720517952227805
-1.337991211909893
-1.8102656859094974
-2.2443648338807787
-1.8240109500035242
-1.3246175252452144
-0.9295003676098741
-0.6701174161466223
-1.781597690633843
-1.2758157457321158
-0.6803024405488269
0.008846151483355769
0.7624063730531692
0.48733320008149583
0.26023968863107605
0.2784473412371842
-0.029321606359884456
-0.209302295764088
-0.15533293157110784
0.30558184467719407
0.2389798665129934
0.2810342065333078
0.2314805496540533
-0.6580807689181523
0.20528767985041618
0.5437338718785885
0.869759424839005
0.9689612955107112
1.0473682517942269
0.9396498939775046
1.005726988628938
0.778141332023738
1.2654395927842916
1.1500616750715995
1.1450679371995438
1.1728193350061265
1.2783240281988828
1.1867414333657127
1.199651133730983
1.272315302427815
1.4399670744916921
1.4351663955700662
1.1835599793358274
1.386572524795442
1.3674411560428599
0.9389357646263097
1.5019708859239973
1.4026360021386512
1.307166800764394
1.2920498103030003
1.2189189497424326
1.2629058193239207
1.2671242937002933
1.4304148693445757
1.347489829945589
1.453390766682661
0.9620838375820302
0.6326461019273797
-0.385398928173343
-2.2955114812114044
-3.098214794230527
-2.2947689434103307
-3.065048400757318
-0.6791786496232515
0.41542894519641216
0.3912360694577064
0.07738820107731392
0.5577235324375795
0.6117713843491988
0.8281032334924294
0.7683412744988818
0.12320242793116343
-0.02427167079718906
-0.13853172912018685
-0.29292734840498547
0.27303133862564444
-0.3380106642938454
-0.9057569746925065
-0.2671666455583743
0.2706134799265403
0.6841057222905125
0.3329572918776069
0.37636152134786194
0.29500980930638043
0.61302645765001
0.7963055977148787
1.0313026339951126
1.141588187543535
0.40692556252450807
0.7473318805050315
1.4103905612483647
1.3297611047104017
0.8604245263913857
0.6509407011482597
0.6923436724846415
1.1003256648005522
0.7975911108168976
0.9668193934748945
1.2208295403818585
1.275667942918803
1.0567473208745088
1.1146706756923397
1.1950433233429596
0.7085458421216959
0.4775265795190098
1.2384614759531463
-1.3341880817893053
-1.4422344632889672
-1.3048329672685508
-0.5975554158905663
-0.9922659583111493
-0.19676907413274414
0.24082263189784392
-0.11545435962723438
0.8201257340885224
0.8331931123831868
1.1715013262490448
1.3859620742877912
1.4650459016829576
1.3166576065312103
0.5413797569678866
0.6415346734858378
-0.8207814276967138
-1.6315645675491037
-2.458902429276348
-2.3292594344045465
-0.34827849402718236
-2.2989974331656935
-2.894762227227316
-1.8242298299321629
-1.4063539165434502
-2.4018898523661516
-3.5721385914213766
-2.4136347620184306
-1.5955163975551283
-0.8156536759476847
-0.18289803671346583
0.11518507489849306
-0.06119219688943467
-0.3981723545775946
-0.6312380142921494
0.02053585555369075
0.5069977966237946
0.8140817888773189
1.078421903975526
1.0484685620047447
1.2110356599386467
1.0975667041947919
1.164998976784661
0.5002567049089226
0.7259285753043105
-0.12977532614359966
0.5116874960743889
0.7052546255540353
0.4891308649432933
0.7368151658342601
1.0155930477248223
0.9984170124873248
0.43339519844104935
1.383892487191405
0.8854903333790265
0.85019887357649
0.2208035253363949
0.427316262043961
0.27884285034633827
0.18206265455035187
0.2875781308378027
-1.6511193212698725
-1.3550750383723322
-1.8012248528525827
-2.4924390158058696
-1.5623084772033575
-0.9943090961040877
-0.7987791286936226
-2.736901486156013
-1.1144332399457806
-1.387979737756778
-2.448393680538386
-0.5912871238581356
-0.24183522508235278
-0.6239044262352262
-0.5408804730257781
-1.185561965750905
-1.1324683911918765
-0.06998334455172817
-1.0031478056955887
-1.3357088290854886
-1.921342988444989
-1.5779191999390871
-1.821630624307046
-0.7812233267149349
-2.669235539652872
-1.1144185827822053
-1.7157741185404785
-1.8332159017056266
-0.28854100273184535
1.0093831335281482
0.9666448642101972
1.2136172078627272
0.9973359530919641
0.8264641053006176
-0.3899881875664857
-1.1372535011199414
-0.9315587078566647
-0.06311049521714374
0.9900308111867719
0.8396884275854308
-1.203687157562909
-0.4626523406202505
0.20753481654667105
0.552118474100256
0.9742446449863014
0.9719717352920458
0.9623280347284169
1.154123255369429
0.6677618677343578
1.1314152246399107
0.7314135150177226
0.7139725024929948
0.591848540467625
0.6855015919605183
-0.8121832263892781
-0.32704362500730433
0.40961152838194614
0.7811377534215911
0.28378004504408416
-0.7147038311465064
-2.922978816415819
-1.5427801677360815
-0.5839845174828877
-0.3328132337522316
0.5816953802204967
0.7360384849168913
0.5427016629293053
0.06896380714609229
-0.17290394336704473
-0.09325490125951141
-0.5601657110508267
0.031710893339552015
0.8904609273557345
0.8391708648901091
0.3077884927015351
0.7104980193009585
0.8466853484394807
0.6022572266699928
0.21238767842140938
-0.8792834600418171
-0.6574597753326383
-1.7655515315353778
-2.346621059023432
-2.7790959557668895
-1.1537437390808503
-2.3835407905470287
-0.656077743507181
0.3193067003469441
1.058731486451892
0.8913008633120274
0.7333555585135674
0.5824956627527644
0.13151533473099342
0.5507633566922312
0.924272990983285
0.8012059459307199
-0.8749751000233612
-0.845906444167694
-0.05965327629341566
-0.45815975736122816
-2.13279734475614
-0.9588150632707464
-1.4396539257997159
-0.5011162361394366
0.37234784087095996
1.1506708471073086
1.0704361138978147
0.7810909709686076
-0.7157269953625995
-0.3572687489325954
0.27587152367238055
0.156133505112793
-1.9309302384583003
-0.5639937356441589
-0.41207102472141166
-0.9505143014052901
0.2512612348710963
0.18233454978514096
-2.004227049999825
-1.833618175235527
-3.2188081229133427
-2.9011514166355408
-1.3977006116081565
-1.8415184583842983
-1.0668243100474495
-1.080532942842792
-0.7214642858343421
-0.5861608924927406
-0.6784352282678707
-0.11939428968524446
-0.953077499882566
-0.006315603909710532
0.14676739500224478
0.31837425387493745
0.3759937125023516
0.4181287990927718
-0.27354731093114815
-0.0535178356780488
-0.1801086047119167
-1.3000433052519451
-0.36233580372599583
-0.4896962476216782
-0.6185556994857802
0.0243190103637847
-0.7159419435530605
-0.5137191023224954
0.033881619413223873
0.801543147224125
0.9386462229484085
0.9836920519097578
0.6907269147266977
0.13357105908848332
-0.5280925111680244
-0.11472227428373394
-0.05534861109913258
-0.43340042494940967
-0.6335557466165636
0.26753263750913625
0.34802844559594526
0.15426143813137294
-0.6202238049912108
-0.5421365072239848
-2.0712301784645017
-3.720871537853652
-3.488320292062552
-3.5861927774573257
-3.5572923669102448