0.45124745
0.30756018
0.16506785
0.30905694
0.34697086
0.41387075
0.006374836
0.24662286
0.111416936
0.29640624
-0.21158296
-0.38017267
-0.2852379
0.053853422
-0.10965741
0.13394144
0.19967172
0.32842013
0.29063892
0.6379906
0.6437522
0.70637995
0.9209968
0.8349414
0.9600681
0.7520613
0.86550415
0.49169523
0.45319778
0.2349259
0.28753075
0.722956
0.31476045
0.56386656
0.49961454
0.2791948
0.5495043
0.5826587
0.45716196
0.6718938
0.68153244
0.94322217
0.78674746
0.44413817
0.34208596
0.22464186
0.32538402
0.60516864
0.47101387
0.35355014
0.2818848
0.16433552
0.020608306
0.51940036
0.1719968
0.38353676
0.4073067
0.23844478
0.70602494
0.5625485
0.7176796
0.16057956
0.037228256
0.14692742
0.32973874
-0.02294898
0.22937977
-0.15672809
-0.45169187
-0.05875498
0.089322865
-0.40065336
-0.0958029
0.051118553
0.48240438
-0.18301594
0.22506326
0.4287177
0.6274544
0.5903564
0.69046384
0.6955002
0.5639009
0.49590695
0.90143585
0.9313532
0.99258375
0.9567914
0.94383985
1.0138557
1.0830452
0.94330347
0.6997422
0.9071688
0.27618605
0.28314942
0.47220677
0.6481532
0.58413446
0.59113514
0.82085246
0.5623616
0.68866843
0.5484183
0.628744
1.1281991
1.2004274
1.2384914
1.1155949
0.91783285
0.8846587
0.735343
0.9676802
-0.04248619
-0.5108435
-0.421781
-0.23803389
-0.16076332
-0.04587841
0.25895232
0.21434242
-0.038146555
-0.16904455
0.23989582
0.16226932
0.2632726
0.38265222
0.4841852
0.46019882
0.35748482
0.70268005
1.0939261
1.0963317
1.022845
0.92658716
1.1713569
0.8524004
0.730698
1.1219983
0.5845848
0.8915274
-1.2003287
-1.6811683
0.137371
0.58059853
-1.5098386
0.49877703
0.062458932
0.8925101
-2.1576595
-2.5292268
-1.1061091
-1.0886364
-2.0117652
-1.4622998
-2.4424305
-1.8299634
-1.8405619
-1.0594239
-1.9791596
-2.6769457
-1.9022214
-0.8642967
-0.13209087
-0.1934582
0.28611907
0.6427576
0.57849616
0.75008774
0.82063085
1.1665407
0.9226514
0.24167776
0.88771355
1.0713725
0.94559103
1.194409
1.5350518
0.5869777
1.0113666
0.7480792
0.7912303
0.91728866
0.111505955
0.6999999
0.8694158
0.93323755
0.12905389
0.58822346
0.5057354
0.6455433
0.9247879
0.6889725
0.5330761
0.5411818
0.21811709
0.16757432
0.34338355
-0.89582014
-0.026166022
-0.30863887
0.13443184
0.082708836
-0.29889804
-0.523826
-0.026961684
-0.29818767
-0.26085532
-0.431697
-1.1007735
-2.2491448
-1.1131797
-0.46587294
-0.07454163
-0.4349286
0.24994352
0.33920822
0.34903222
0.46607664
0.3876618
0.6115769
0.79038715
-0.2051205
-2.4317791
-0.61645293
0.6980148
0.25150695
0.65790427
0.38231796
0.31264094
-0.0068775415
-1.1185902
-2.2159896
-1.924016
-0.949239
-0.5951179
-0.47029126
0.069465786
-0.09778571
0.17729098
0.25578767
0.33432305
-0.80639744
-2.111842
-1.9873064
-1.265289
-1.0354366
-0.9072772
-0.6844294
-0.17745972
0.1147477
0.6662927
0.06264132
0.23570552
-1.2079731
-0.34594595
0.21908817
0.5850516
-0.35731173
0.38170013
0.1537787
0.29655048
0.57227874
0.19641834
-0.13314253
0.96747166
0.9632032
0.5271013
0.3579913
-0.40298587
0.2138054
-0.49228734
0.023352474
-0.03808856
-0.35492235
-0.91811824
-0.09973371
-0.76288795
-1.047463
-1.2221767
-0.6339307
-1.3086236
-1.1056008
-1.2343445
-0.8853648
-1.1691078
-0.7124696
-0.083046794
0.1601265
-1.4210469
-0.76528466
-0.8821074
-0.14177871
0.41538703
-0.106541336
0.16578144
0.22482428
0.775008
0.79941034
0.7814261
0.39953548
0.7470548
0.08032492
-0.7596593
-1.7470658
-2.523524
-1.4081385
-2.658108
-0.39417535
-2.3736181
-1.8592076
-0.48336762
-0.717353
-0.21787214
0.31477764
0.025395215
0.39515045
0.52401245
0.49414456
0.093247354
0.3216048
0.23799407
0.6538783
0.7155254
0.9471488
0.3824492
-2.2954779
-0.38606757
0.31268686
-2.3363714
0.04793629
0.27062917
0.18843064
0.08903268
-0.21220863
-0.1191296
0.12606949
0.082843035
0.48591286
0.22957894
0.2989362
0.049198985
0.55041003
0.84040266
0.3327867
0.6009105
0.7703949
0.35158855
0.46196094
0.26317883
0.30235177
-0.036880314
0.19962183
0.3466723
-0.71583986
-0.4401915
0.05681479
-0.4698034
-0.052532673
0.95926607
1.2716677
-0.18762082
0.08280936
0.6683316
0.3659402
0.9201522
0.7263536
0.50989133
0.0303604
0.6610488
1.5120962
0.3417254
0.42094222
0.6658158
0.7300028
1.0027105
0.7464589
1.2382548
0.89299387
0.23125696
-0.2847373
0.29604912
0.41944575
0.9275629
0.7034005
0.30870807
0.5668781
0.9287915
0.6250644
0.72895765
0.69495016
0.3633488
0.4350346
0.40744734
0.55620044
-0.39795154
0.27067
0.4849147
0.7252704
0.48071527
0.16411927
-0.40526742
-0.16120666
0.24247509
0.52976876
-0.18265241
0.031865776
-0.16248816
-0.43034846
-1.6926055
-1.2954315
-0.41365486
0.036761165
0.25875998
-0.020298004
-0.6295539
-0.5051209
-0.117222846
-0.25106752
-1.8676972
-0.3610084
0.20093066
0.17298988
-1.2440202
-1.1638303
-1.2036058
-0.9165362
-0.5533283
-1.0869066
-1.4303486
-1.9856164
-2.3290062
-1.6012342
-1.0352844
-0.5657859
0.059880704
-0.3434832
-0.4856335
-1.0973444
-0.7735938
-0.18552661
-1.062506
-0.68210435
-0.26041657
0.266598
0.3822228
0.15196326
-0.7500795
-0.102320254
0.47900742
0.8196142
0.8622675
0.70269495
0.6378945
0.58236146
0.67651874
0.20717901
0.6234493
0.5334442
0.22593176
-0.40908843
-1.4166528
-1.2315246
-1.2996235
-1.8684187
-0.9779906
-0.25152034
-0.9049418
-0.5024322
-0.66204214
-0.77269197
-2.3303397
-1.3620371
-0.6451391
-0.13306034
-0.21651292
-1.8937633
-1.4414351
-1.1553814
-2.0480554
-1.9750404
-1.4337804
-1.922416
-2.1300359
-1.4185746
-0.13335276
0.12354106
-0.12770349
-0.37088364
0.23221493
-0.27838987
-0.024690747
0.40162987
0.57002896
0.51923466
0.59953946
0.5097884
0.4696108
0.45072165
0.35817757
0.55786914
0.10118106
-1.8388176
-0.9702711
-0.72154236
-0.2810657
-0.09381211
-1.2024404
-0.62802076
0.18004477
-0.3517459
0.45249194
0.6779599
-0.15614933
0.636175
0.8338011
1.10353
1.3246982
1.2299008
1.1262097
0.83917266
0.8805772
0.5164517
-0.22957963
-1.659709
-1.0474397
0.12039539
0.45171785
-1.6316452
-0.8829999
-0.40424645
0.0790956
0.2455084
0.3000906
-1.918313
-2.5037742
-0.445417
-1.9093435
-1.0793406
-1.7628629
-2.6049802
-1.1224544
-0.5078349
-1.103951
-0.030876815
0.50969
0.50497633
0.11059067
0.45965907
0.41409427
-1.0389556
-0.5401584
-0.1308766
-0.28312153
-0.41680515
-1.820785
-2.3353603
-1.6429534
-0.9739324
-0.5130166
-0.08350402
-0.27763605
-1.883276
-1.6520624
-0.34969836
-0.051457047
0.13494718
0.28710902
-0.18741888
-1.0596509
-0.94056976
0.21189514
0.5279733
0.2341899
0.36859092
-0.19383103
0.11978802
0.019601792
-0.043773115
-0.16099828
-0.38677448
-1.5380344
-1.6847403
-2.2079217
-2.242835
-1.4545183
-0.66187036
-1.3409108
-1.9077845
-1.0303128
-1.3951877
-1.8325777
-1.7104547
-1.981971
-1.5789545
-0.18173778
-0.7780657
-0.50416446
-0.32800537
-1.1467583
0.16653496
-0.049776077
0.1981928
0.79417145
0.9409946
0.33233362
-0.048733592
-1.4153749
-0.4211355
-0.021100104
0.25462663
0.083584905
-0.33775848
-1.4715607
-2.1248384
-0.90453005
-1.1670278
-1.1873147
-0.92355347
-1.7965698
-1.9924171
-2.6625216
-1.3780192
-0.7595235
-0.7938229
-1.8413057
-1.1973997
-2.3207202
-2.0118077
-2.2595363
-1.3077121
-1.3457147
-1.6738143
-1.3695084
-1.8216352
-0.982124
0.09625384
0.354442
0.27475
0.15532136
0.24980828
0.11574209
0.15169904
0.29269361
-0.68524873
-2.4735575
-0.95074654
-0.64639413
-1.0276364
-0.7889726
-0.81180704
-0.42940813
-0.97878003
-1.2711009
-1.419322
-1.8772614
-2.333633
-2.1958203
-1.5540962
-0.8476999
-0.6288793
0.10849276
-0.19592553
0.031436086
0.34319723
-0.4891125
-0.040887296
-0.046747386
0.46560684
-0.015635073
0.78714585
-0.089178085
0.41635507
0.67736506
-0.16717285
0.27063137
0.34416184
0.50867677
-0.46985602
-0.05855024
0.2980547
0.3513217
0.539417
0.44640523
0.13800612
-0.32883114
-0.37587744
-0.35377097
-0.41128027
-0.11362833
0.35748836
0.44869837
-0.313716
-0.44989687
-1.9958084
0.13305005
-0.11531556
0.3339867
0.0076166987
0.01387763
-0.62021255
-0.9406469
-0.95729184
-0.20382822
-0.37989587
-0.273893
0.04025948
0.30877507
0.2743373
0.2303518
0.23685074
0.010305315
0.19388187
-0.033444107
0.291919
0.33946237
0.33136314
0.17297259
-0.23545486
0.15125021
0.328312
0.1451436
0.15489224
-0.037415862
0.22819984
-0.30209082
-0.05139166
0.15535659
0.08551508
-1.0418389
-0.48982638
-0.5215306
-0.23591608
-0.27904534
-0.10956901
-0.14542896
-0.12694496
-0.28083748
-0.5131633
-0.77734745
-0.363905
-1.2902849
-0.32192189
0.5202999
0.21574375
-0.44659376
-0.642787
-1.1625592
-0.49079168
-0.23170757
-0.08902317
-0.35265523
0.10337719
-0.60688233
-2.1340504
-1.8206434
-0.60179937
0.01251781
-0.09412879
0.28256643
-0.052372992
-0.3504666
-0.12985313
-0.13932824
0.2042577
0.025758147
-0.8033099
-1.4529554
-0.38119668
-0.47640908
-0.06842196
-0.002052784
-0.47216022
-0.18098927
-0.50657475
-1.9926846
-2.379143
-1.7600505
-0.18369526
0.11090943
-0.61481845
0.19654295
0.37307388
0.42973801
-0.032101095
-0.46614277
-0.47758365
-0.2623164
-0.71239567
-2.2037673
-1.3005437
-1.0541179
-1.2262703
-1.61114
-2.1421106
-1.8607671
-2.0081122
-2.3260865
-1.2394971
-0.2066701
0.04554823
0.11046389
0.192749
0.16723579
0.20977226
-0.76408815
-0.6988256
-0.38413948
-0.10058957
-0.32707673
-1.4936318
-1.1349115
-0.22072351
0.08005634
0.46982506
0.4613399
0.32822448
0.44914454
0.6827568
0.92835927
0.83471394
0.4047464
0.55306387
0.68882835
0.71992207
0.07868871
0.2828871
0.2964182
0.3557343
0.38849962
0.30872765
0.03254184
0.4360448
0.48354366
0.101204515
0.3738826
-0.25309455
0.22475669
0.20521533
-0.16047347
0.42469218
0.49073985
0.5436584
0.11061096
-0.29009855
-0.18499786
-0.66447675
-2.044572
-2.2555776
-1.2324185
-1.6702418
-2.1674912
-2.601669
-1.1354332
-0.33094686
-0.35426396
0.105660886
0.25398633
0.21285069
0.15364999
-1.0415692
-0.7743788
-0.24466425
-0.18947333
-0.3853897
-0.3477108
-0.4020728
0.030761778
0.09019226
-0.65493786
-1.7935297
-0.9735757
0.42067802
-0.012639344
0.19203988
0.3580754
0.6398947
0.28253928
-1.4581964
-0.36632007
-0.11190593
-1.5099943
-0.14728045
0.087086976
0.022734165
0.28430057
0.11630252
0.16825458
0.33283544
0.30608842
0.27943075
0.05826789
0.41774645
0.04009801
0.06350124
0.055585235
0.10807511
0.09971872
-1.6308439
-2.0887084
-2.217545
-0.99394274
-0.9519689
-0.16999328
-0.3777064
0.072090834
-0.10904634
-0.05078441
-0.16193914
0.10767725
0.017341137
0.13548133
-0.8528279
-0.48790455
-0.55500734
-0.89540994
-2.078018
-0.77137804
-0.24644351
-0.79263926
-0.4417264
-1.8447473
-2.1486204
-1.2917986
-0.470145
-0.60166085
-0.061914384
-0.5447773
-0.1509471
-0.194803
0.08317661
0.23616844
0.17065302
-0.9167912
-0.17284745
0.2329925
0.1785571
0.33278072
-0.06226057
-0.37079227
-0.56636727
-0.80716634
-0.5786586
-0.2415868
-0.20692521
-0.37938172
-0.29629475
-0.28468907
0.117378
0.7213143
0.64697635
0.6324757
0.43217206
0.6555343
0.51288486
0.10402724
0.14197072
0.19387615
-0.47068107
0.1464298
0.22917786
0.14856309
0.5172936
0.4030246
-1.3506298
-1.8148339
-0.17830235
-1.0559797
-1.5152116
-0.6021633
-0.99972415
-0.9300096
-0.49736476
-0.28527498
-0.21518213
-0.37767112
-0.6653421
-0.56596065
-1.6989133
-2.2558446
-1.4998455
-0.28268397
0.16134837
0.046599686
0.19005549
0.1803155
0.4806947
0.35134852
-0.14660555
-1.1649281
-0.3004557
0.36719176
0.35251933
0.10959053
-0.72316074
-0.41234493
-0.49216133
0.03109166
0.17265424
0.04169053
0.31258905
0.2619862
0.2761969
-0.22016758
-0.48375505
-0.4348325
-0.5036535
-0.11217713
0.04847768
0.39385492
0.12783524
0.5586644
0.8556347
1.3237824
0.92828315
1.1089125
1.0922585
-0.3213719
0.43844578
0.40606707
0.44618478
0.2494942
0.07915339
0.38872555
0.16339779
-0.13070214
-0.40967816
-0.018008113
-2.0217333
-1.7050753
-0.24696726
-0.26687056
0.19020087
0.34705722
0.519202
-0.8403945
-2.3144338
-0.65091646
-1.7106607
-1.3191006
-0.3900776
0.2239778
0.56853575
0.4965124
0.24283549
-0.5840285
-0.026885152
0.1968028
0.19068596
0.2790077
0.48650974
0.7721422
0.33353812
-0.19351012
0.25017554
-0.8062029
-0.001962185
0.10363987
-0.064224064
-0.55562925
0.4463036
0.38844848
0.22896168
-0.42907804
-0.7655704
0.47533444
0.7656307
-0.30762678
-0.1637885
0.06520966
0.66511506
0.82991064
0.6462448
-0.3877344
-0.25147927
-0.36682636
-0.09236187
-1.2642587
-0.09514415
-0.14357072
0.18618271
-0.021556556
-0.33065563
-0.88873386
-0.38336486
0.48874417
0.32999033
0.41609326
0.70779467
1.0262253
-0.27901626
0.009469956
-0.25905412
0.11819002
-0.33441728
0.6632067
0.59665865
-0.44444686
0.09846324
0.06648019
0.008163303
0.22495899
-0.4496786
0.56329185
0.91889954
0.037347913
-0.38104534
-0.6937326
-0.6965809
-0.26390707
-0.64835536
-0.12457454
0.021774381
0.16902253
-0.15580183
-0.0572055
-0.3948751
0.276062
0.029429704
-0.4844225
0.08855322
-0.10270995
0.37829632
-0.0011641383
0.5481189
-0.17338622
-0.4734738
-0.016779006
-0.14789492
-0.11452395
-0.3388675
-0.4944495
-0.08851403
0.19880542
0.03735715
0.5360261
0.58717877
0.363603
0.6074664
0.73274696
1.0044556
0.6430722
0.8680396
-0.88267183
-0.14227188
-0.7621772
-0.22096503
0.27875334
0.320072
-0.31317753
-0.40896142
-1.6216378
-0.40116596
0.028397322
-0.037938535
0.28729385
0.35304582
-0.108679116
-0.18639511
-0.021237373
0.15513274
-0.16046482
0.31330144
0.21015662
1.0910795
0.99971247
0.9901949
0.85498905
-0.28459746
-0.3844695
-0.38987422
-0.0764519
-0.2584653
0.012177765
0.4703774
0.94919163
1.0923152
1.1437399
1.0256655
0.37367126
0.9898168
0.9487283
0.759896
0.49685454
0.5094989
0.2827891
0.40146542
0.55822235
-0.3493818
-0.12522042
0.0064157546
-0.49719113
-0.35523832
-0.5256922
-0.1687932
-0.6317904
0.008628696
0.11721617
0.060408443
0.049221575
-0.14163637
-0.13124269
0.09878531
-0.24798721
-1.5128012
-1.65417
-1.278106
-0.776085
-0.30541575
-0.39712995
-0.45349383
-0.5585743
-0.52483845
-0.25580788
-0.08965933
0.051056534
0.24522027
-0.087118626
-0.14549923
-0.17153662
-0.38967383
-0.24631631
-0.30520576
0.33125606
0.462825
0.44363856
0.46038187
0.4043434
0.2226859
0.4220738
0.39757648
0.4777734
0.7006015
0.5314514
0.41664672
0.45243263
0.3653095
-0.18241215
-0.3842697
-0.08690721
-0.46441752
-0.1949175
-0.32243025
-1.6155748
-1.1491503
-1.7063878
-1.6278772
-1.8494024
-2.0437434
-1.9797521
-0.2763853
-0.15562475
-0.09328747
0.05567816
0.060387373
0.1350227
0.2637924
0.32671577
0.39559388
0.2879138
0.39830858
-0.17022657
0.08745614
-0.24572515
-0.26310784
0.2200354
0.27043867
0.25436193
-0.719849
-0.46179688
-0.28518826
0.24310648
0.14034632
0.15330487
0.39908373
0.11427906
0.21360084
0.32095546
0.25531727
0.061132014
0.021675706
0.44146985
-0.43520063
0.094263375
-0.2442084
-0.02686268
-0.6766293
-0.2849524
-0.20036995
-0.89602494
-0.19729811
-1.1087693
-1.9314122
-1.094781
-2.0359197
-1.1611906
-1.3606563
-2.4191103
-2.4779823
-2.3928328
-2.7165713
-1.2376412
-0.9299481
0.052399218
-1.457366
-0.41175228
-1.5746758
-1.779608
-0.4346732
-2.436495
-1.4037389
-0.9932327
0.080595076
-0.82150686
-1.1462915
-0.6280645
-1.4004371
-1.3353913
-1.2726818
-0.5233189
-0.94709325
-0.48422527
-0.10455227
-0.25092685
-0.018324137
0.18618464
0.4685823
0.38159087
-0.1496399
-0.16574228
-0.20836043
-0.29128808
-0.1467712
-0.33975816
-2.0480423
-2.08178
-0.752524
-0.43284523
-0.44554257
-0.42684937
0.29585212
0.20885229
0.39817634
0.3941889
0.24730459
-1.0219959
-1.545289
-0.25111222
-0.074959874
-0.8702878
-0.5422356
-1.1758727
-2.4082665
-2.235915
-1.1730868
-1.0471821
-1.097239
-1.0194329
-0.5826224
-0.3281781
0.19344154
-0.50719404
-0.62177825
-1.1185386
-0.7453929
-1.1879125
0.13276112
-0.11433798
-0.6899142
0.1265341
-1.1185108
-0.29320222
0.32521522
-0.638731
-0.92504084
-0.7268137
-0.2833416
-0.7605022
-1.9664016
-0.9773301
-0.49815017
-0.8167255
-0.8832934
-0.6428236
-1.3054152
-2.158645
-2.519547
-0.34881717
-0.08512598
0.3003471
0.76441216
-0.080546916
-1.1019598
-2.7157338
-2.028314
-2.7398233
-1.2087325
-1.5942862
-1.2943083
-1.053141
-0.6233791
-1.8527153
-1.0627874
-2.0898051
-1.6273375
-0.3815285
0.18026763
-0.21449256
-0.5050241
0.17596504
-0.73311734
-0.30094874
-0.31981152
-0.50908065
-0.79354453
-0.9731033
-2.2870052
-2.466673
-2.3363318
-2.3721335
-2.0778692
-1.0140557
-0.8460823
-0.48271054
-0.76439893
-0.606851
-0.10144144
0.058004767
-0.9709672
-1.2262917
-1.5866897
-2.231622
-1.0677652
-1.6346414
-2.1149127
-1.4404312
-2.2193816
-2.3787866
-2.2012415
-1.659914
-1.6719353
-1.9180729
-2.373811
-2.370791
-1.4585798
-0.76372087
-0.63600457
-1.0522995
-2.0460987
-0.15325809
0.0016082227
-0.14293379
0.1518667
-0.123957455
0.10881543
0.3277191
-0.37797642
0.21926928
0.49200103
0.47996178
0.79550564
0.99736184
0.87508047
0.5614164
0.51500475
-0.4235946
0.33640411
-0.5571269
0.41209605
-0.38310325
-0.10852432
0.23511106
0.516161
0.37658834
0.049886912
-0.3047912
-0.5485414
-0.37795752
0.3075003
-0.3153571
-0.03835988
-0.24482512
0.11575648
0.4174112
0.4584141
0.38631022
0.51911634
0.48848838
0.6028836
0.10407901
0.60557413
0.6445041
0.42945805
-0.90617096
-1.1359138
-1.7720749
-0.60824025
-0.7646172
-0.3244425
0.3722578
0.36229226
0.40182203
0.7409786
0.13834926
1.0251768
0.66423506
0.3212452
0.9644778
0.50336516
0.65128666
0.7431401
1.124666
0.83058834
0.4482303
0.67191166
-0.6752137
0.08787024
0.41422364
0.5811199
0.4263987
0.53698653
0.11729804
0.5168997
0.2308392
0.36775273
-0.008420527
0.6484777
0.7736911
-0.4640727
0.69208926
-1.0774782
-0.33835232
0.4943578
0.72174966
0.64914393
0.79491484
0.74554336
-0.21133894
0.36635813
0.98698646
1.0120631
0.7364344
-0.3074894
-0.64740896
-2.038979
-1.8411515
-0.37929553
0.5505018
0.61007255
-1.0108733
-2.3895764
-1.6607769
-0.14923692
-0.34385198
-0.21435761
-0.2722094
-0.5365993
-0.14669979
0.37329757
0.1822049
0.4238422
0.41119406
0.26791063
0.4374548
0.38325945
0.5693559
0.76690626
0.7855991
0.87426656
0.9998118
1.0233207
0.9391685
-0.2507645
-0.17960823
0.15937942
-1.1246392
-1.4376442
-2.518197
-2.308226
-0.6613172
0.1978342
0.5733624
0.7273844
0.6517903
0.52241105
0.6568179
0.9391475
0.7026439
0.79409313
0.3931895
0.17660865
-0.098448336
-1.345994
-1.736805
-1.8850827
-1.9251728
-0.9131385
-0.62412214
-0.5239999
-1.8213196
-0.90818846
-0.04561454
0.45325935
0.8642423
0.67832816
0.2869236
0.06838396
-0.1262039
-0.0028936267
0.12010294
0.6744951
0.57385594
0.65011
0.09550494
-0.05463004
0.37196818
0.7776041
0.9636815
1.0697598
1.1761968
1.0858928
1.0948159
1.0439191
1.286252
1.2793511
1.3325665
1.3293633
1.5672827
1.4007139
1.3127472
1.3859954
1.521297
1.5177344
1.2054057
1.2898562
1.4211396
1.1185218
1.4611485
1.4362524
1.1304092
1.126096
1.2996461
1.3287625
1.2789173
1.2842509
1.3200225
1.4258568
1.2488024
0.88265216
-0.2919221
-1.557673
-2.5300508
-2.2390184
-2.639449
0.23596793
0.7420315
0.72218984
0.31412613
0.55133086
0.6358296
0.6976706
0.6156956
0.3059966
0.092923164
0.15495592
-0.007433176
0.1417942
-0.2874388
-0.26413363
-0.03420633
0.6471808
0.9027722
0.38120106
0.49381343
0.333955
0.6070665
0.9997301
1.155979
1.168637
0.45691782
0.81417775
1.1648403
1.3522178
1.1831119
0.6433906
0.62188196
0.7801264
0.6373249
0.9438873
0.92723554
1.0840724
1.2692183
1.1018903
1.2443666
0.37843078
0.5017205
1.0158578
-1.5361841
-1.5480146
-0.81493723
-0.06684798
-0.53038025
0.32362163
0.7362592
0.38397044
0.92795473
0.95658576
1.0364568
1.2522979
1.3109089
1.0995454
0.30571756
0.37859848
-0.6910484
-1.5617709
-2.256602
-1.878289
0.2714612
-1.7778158
-1.828439
-0.34468484
-0.48602307
-1.8779159
-2.6182606
-2.074323
-1.0717819
-0.6667905
0.1102303
0.10350898
-0.04866773
-0.3441643
-0.5186975
0.0031645
0.4146566
0.7825453
0.9012444
0.9488797
0.9979955
0.89907575
1.0109107
0.24550834
0.44939223
-0.22563624
0.295987
0.5875569
0.32224852
0.3581285
0.9796114
0.7336902
0.20272881
0.9550874
0.8170581
0.82242
0.11651513
0.16023254
0.1947164
0.20815313
0.21891776
-0.990093
-0.7691283
-2.0346835
-2.1450696
-0.6935953
-0.6116296
-0.483679
-2.3713188
-0.46774858
-0.8933598
-2.1141129
-0.20741922
0.16243628
-0.19219464
-0.16208899
-0.72795427
-0.64326775
0.30413306
-0.79733884
-1.2169106
-1.6927493
-1.4206544
-1.3469507
-0.349469
-2.3884652
-0.79289746
-1.8976026
-1.253842
0.28331208
1.0799611
1.4346104
1.5109233
1.1557429
0.56916714
-0.0855096
-0.9307804
-0.3432817
0.11161435
0.7629106
0.7098874
-0.7976947
-0.14659286
0.4937645
0.7184427
1.1042123
1.0125308
0.8935728
1.235621
0.7419075
1.1312865
0.89964825
0.80363834
0.71387154
0.86115026
-0.5848843
-0.192361
0.43111014
1.0400479
0.42462748
-0.35453016
-2.677888
-0.75891995
0.14116484
-0.54871225
0.9838537
1.0734248
0.6417818
-0.05382824
0.07636449
-0.02897048
-0.53477836
0.047343105
0.56556547
0.80626255
0.43903884
0.4683339
0.63451815
0.48755637
0.2723331
-0.8415351
-0.49063194
-1.2248545
-1.985482
-1.9801667
-0.7114377
-2.2554612
-0.36141795
0.3601305
0.93996453
0.7412817
0.44944078
0.64962816
-0.13094085
0.5620757
0.7125384
0.40640515
-1.2636946
-0.2573899
0.03410259
-0.20203578
-2.6912785
-0.5493822
-1.5890357
-0.23902029
0.39143634
1.127057
1.1435009
0.5336448
-1.5353994
-0.18172407
0.4157928
-0.06998366
-2.0509536
-0.36181802
-0.30696458
-0.85725844
0.194065
0.3814834
-1.5742965
-1.6576812
-2.2291589
-2.281519
-0.6731968
-0.6426153
-0.37201035
-0.263744
-0.41347724
-0.35795796
-0.44568598
-0.11171758
-0.60477304
0.33184624
0.2483533
0.4458328
0.45877972
0.20223102
-0.32642996
0.0010603964
-0.3891062
-1.4184408
-0.30451745
-0.44366652
-0.59703004
-0.079874575
-0.59937024
-0.3734371
0.21781918
0.76488423
0.83798313
0.65945864
0.5570986
0.7948134
0.2459777
-0.091730654
0.059117228
-0.35528713
-0.35566807
0.35031852
0.50495404
0.22204494
-0.25193042
-0.13142896
-1.7720704
-2.3145368
-2.3693583
-2.4648309
-2.320974